GEOID20,Tot,D,R
060014001001,999,880,119
060014001002,673,588,85
060014002001,619,585,34
060014002002,515,487,28
060014003001,614,564,50
060014003002,859,809,50
060014003003,562,533,29
060014003004,858,809,49
060014004001,873,825,48
060014004002,601,580,21
060014004003,588,558,30
060014005001,972,939,33
060014005002,421,407,14
060014005003,356,347,9
060014006001,503,487,16
060014006002,326,316,10
060014007001,495,477,18
060014007002,581,561,20
060014007003,380,366,14
060014007004,558,536,22
060014008001,541,515,26
060014008002,452,427,25
060014008003,520,491,29
060014009001,475,450,25
060014009002,477,452,25
060014010001,340,325,15
060014010002,390,375,15
060014010003,516,495,21
060014010004,260,249,11
060014010005,261,244,17
060014010006,519,498,21
060014011001,408,391,17
060014011002,643,615,28
060014011003,326,306,20
060014011004,745,713,32
060014012001,635,609,26
060014012002,463,444,19
060014012003,263,251,12
060014013001,392,369,23
060014013002,288,271,17
060014013003,457,428,29
060014014001,293,276,17
060014014002,464,436,28
060014014003,280,263,17
060014015001,256,243,13
060014015002,183,174,9
060014015003,225,214,11
060014016001,342,326,16
060014016002,321,307,14
060014017001,392,368,24
060014017002,342,320,22
060014017003,408,382,26
060014018001,273,256,17
060014018002,242,228,14
060014022001,326,306,20
060014022002,175,164,11
060014022003,199,188,11
060014024001,318,302,16
060014024002,397,376,21
060014025001,283,265,18
060014025002,134,126,8
060014026001,271,250,21
060014027001,145,137,8
060014027002,316,299,17
060014028011,264,250,14
060014028012,215,202,13
060014028013,260,244,16
060014028021,59,53,6
060014028022,235,222,13
060014029001,425,395,30
060014029002,319,295,24
060014030001,290,255,35
060014030002,296,240,56
060014030003,368,333,35
060014031001,315,294,21
060014031002,219,204,15
060014033011,167,145,22
060014033012,167,147,20
060014033021,331,291,40
060014033022,302,263,39
060014033023,272,239,33
060014034011,417,389,28
060014034012,335,310,25
060014034013,297,253,44
060014034021,51,47,4
060014034022,435,403,32
060014035011,407,385,22
060014035012,775,733,42
060014035013,227,215,12
060014035014,758,717,41
060014035021,368,347,21
060014035022,487,460,27
060014036001,313,295,18
060014036002,490,463,27
060014036003,979,924,55
060014037011,572,540,32
060014037012,655,619,36
060014037021,309,292,17
060014037022,611,576,35
060014038001,279,265,14
060014038002,455,433,22
060014038003,391,371,20
060014038004,776,739,37
060014039001,700,661,39
060014039002,359,338,21
060014039003,764,721,43
060014040001,490,463,27
060014040002,573,545,28
060014040003,352,332,20
060014041011,648,619,29
060014041012,469,448,21
060014041013,447,427,20
060014041021,780,745,35
060014041022,481,459,22
060014042001,651,587,64
060014042002,722,651,71
060014042003,663,604,59
060014043001,715,650,65
060014043002,632,573,59
060014043003,748,691,57
060014044001,896,784,112
060014044002,715,645,70
060014044003,1065,960,105
060014044004,360,314,46
060014045011,1044,932,112
060014045021,562,514,48
060014045022,888,813,75
060014045023,978,896,82
060014045024,1085,991,94
060014046001,695,635,60
060014046002,460,419,41
060014046003,695,633,62
060014046004,893,806,87
060014047001,555,520,35
060014047002,641,600,41
060014048001,560,515,45
060014048002,708,663,45
060014049001,506,475,31
060014049002,563,523,40
060014049003,536,497,39
060014049004,669,624,45
060014050001,450,423,27
060014050002,682,635,47
060014050003,746,694,52
060014051001,599,554,45
060014051002,431,399,32
060014051003,575,532,43
060014051004,421,391,30
060014051005,618,571,47
060014052001,540,496,44
060014052002,440,407,33
060014052003,511,473,38
060014052004,553,512,41
060014053011,383,354,29
060014053012,263,245,18
060014053013,311,289,22
060014053021,345,304,41
060014053022,282,255,27
060014054011,385,355,30
060014054012,246,226,20
060014054013,221,202,19
060014054021,379,344,35
060014054022,242,220,22
060014055001,184,167,17
060014055002,242,223,19
060014055003,220,203,17
060014055004,333,306,27
060014056001,203,182,21
060014056002,280,249,31
060014056003,371,340,31
060014057001,318,281,37
060014057002,224,199,25
060014057003,243,216,27
060014058001,216,183,33
060014058002,160,137,23
060014058003,165,141,24
060014058004,167,148,19
060014059011,143,116,27
060014059012,219,187,32
060014059013,128,110,18
060014059021,236,197,39
060014059022,244,205,39
060014060001,351,309,42
060014060002,140,123,17
060014060003,190,167,23
060014060004,196,173,23
060014061001,156,133,23
060014061002,162,141,21
060014061003,420,377,43
060014061004,260,223,37
060014062011,249,222,27
060014062012,137,123,14
060014062013,163,141,22
060014062014,107,90,17
060014062021,98,85,13
060014062022,177,153,24
060014062023,204,178,26
060014063001,218,194,24
060014063002,197,175,22
060014063003,164,146,18
060014063004,173,155,18
060014064001,202,181,21
060014064002,306,274,32
060014065001,429,383,46
060014065002,143,127,16
060014065003,286,254,32
060014065004,256,227,29
060014066011,222,198,24
060014066012,332,296,36
060014066013,444,407,37
060014066014,291,264,27
060014066021,380,346,34
060014066022,248,222,26
060014067001,794,732,62
060014067002,324,300,24
060014067003,726,669,57
060014067004,431,398,33
060014067005,389,360,29
060014068001,350,317,33
060014068002,347,314,33
060014068003,445,405,40
060014068004,419,380,39
060014069001,374,345,29
060014069002,588,541,47
060014069003,684,630,54
060014070001,329,299,30
060014070002,267,240,27
060014070003,280,252,28
060014070004,317,285,32
060014070005,206,186,20
060014071011,303,266,37
060014071012,265,232,33
060014071021,350,308,42
060014071022,190,168,22
060014071023,162,142,20
060014071024,196,172,24
060014072001,160,135,25
060014072002,187,158,29
060014072003,168,142,26
060014072004,240,203,37
060014073001,209,187,22
060014073002,200,181,19
060014074001,255,228,27
060014074002,163,148,15
060014074003,93,84,9
060014075001,87,77,10
060014075002,233,206,27
060014075003,164,146,18
060014076001,465,443,22
060014076002,211,190,21
060014076003,240,217,23
060014076004,262,238,24
060014076005,195,176,19
060014077001,679,644,35
060014077002,501,481,20
060014077003,468,447,21
060014077004,432,407,25
060014078001,353,337,16
060014078002,499,466,33
060014079001,444,401,43
060014079002,409,375,34
060014079003,533,490,43
060014080001,439,393,46
060014080002,963,861,102
060014081001,885,766,119
060014081002,587,524,63
060014081003,580,518,62
060014081004,432,384,48
060014081005,974,868,106
060014082001,583,539,44
060014082002,505,468,37
060014082003,310,286,24
060014083001,318,293,25
060014083002,354,330,24
060014083003,370,347,23
060014083004,243,228,15
060014083005,238,223,15
060014084001,284,264,20
060014084002,182,169,13
060014084003,372,349,23
060014085001,175,161,14
060014085002,196,180,16
060014085003,117,108,9
060014085004,111,101,10
060014085005,183,166,17
060014086001,315,292,23
060014086002,348,323,25
060014086003,171,155,16
060014086004,157,144,13
060014087001,413,386,27
060014087002,283,264,19
060014087003,264,246,18
060014087004,103,93,10
060014087005,186,170,16
060014087006,233,218,15
060014088001,109,96,13
060014088002,177,156,21
060014088003,141,126,15
060014088004,291,265,26
060014089001,141,126,15
060014089002,196,176,20
060014090001,307,280,27
060014090003,262,223,39
060014091001,132,120,12
060014091002,176,163,13
060014092001,296,271,25
060014092002,143,132,11
060014093001,208,185,23
060014093002,203,182,21
060014093003,200,179,21
060014093004,122,109,13
060014094001,82,74,8
060014094002,244,219,25
060014094003,144,128,16
060014095001,169,151,18
060014095002,113,101,12
060014095003,99,89,10
060014096001,130,119,11
060014096002,141,130,11
060014096003,92,82,10
060014096004,99,90,9
060014096005,144,132,12
060014097001,152,140,12
060014097002,221,201,20
060014097003,149,137,12
060014097004,141,129,12
060014098001,314,293,21
060014098002,439,413,26
060014098003,301,282,19
060014099001,388,356,32
060014099002,310,284,26
060014099003,705,648,57
060014099004,419,390,29
060014100001,497,427,70
060014100002,917,854,63
060014100003,3,3,0
060014101001,425,397,28
060014101002,544,506,38
060014102001,223,204,19
060014102002,136,122,14
060014102003,145,132,13
060014103001,121,109,12
060014103002,151,136,15
060014103003,181,163,18
060014104001,198,177,21
060014104002,232,208,24
060014104003,386,347,39
060014105001,275,256,19
060014105002,185,174,11
060014201001,511,464,47
060014201002,421,381,40
060014201003,353,319,34
060014202001,482,436,46
060014202002,401,364,37
060014202003,393,357,36
060014203011,937,834,103
060014203021,592,527,65
060014203022,357,319,38
060014204011,96,85,11
060014204012,175,156,19
060014204021,103,91,12
060014204022,157,139,18
060014205001,414,382,32
060014205002,713,660,53
060014206001,656,606,50
060014206002,674,622,52
060014206003,595,551,44
060014211001,472,444,28
060014211002,872,822,50
060014212001,445,419,26
060014212002,924,874,50
060014212003,526,495,31
060014212004,530,500,30
060014213001,799,754,45
060014213002,673,634,39
060014213003,582,551,31
060014213004,538,509,29
060014214001,624,592,32
060014214002,417,393,24
060014215001,826,774,52
060014215002,769,724,45
060014215003,667,627,40
060014216001,527,492,35
060014216002,661,618,43
060014216003,460,431,29
060014216004,380,357,23
060014217001,756,721,35
060014217002,382,363,19
060014217003,494,472,22
060014218001,643,619,24
060014218002,657,633,24
060014219001,506,484,22
060014219002,634,606,28
060014219003,506,484,22
060014219004,497,478,19
060014220001,679,651,28
060014220002,308,289,19
060014221001,463,434,29
060014221002,751,702,49
060014222001,668,641,27
060014222002,482,462,20
060014222003,549,526,23
060014223001,461,438,23
060014223002,752,716,36
060014223003,498,473,25
060014224001,147,134,13
060014224002,223,209,14
060014224003,496,463,33
060014224004,331,309,22
060014225001,487,457,30
060014225002,225,211,14
060014225003,467,433,34
060014227001,326,298,28
060014227002,125,113,12
060014227003,103,93,10
060014227004,71,64,7
060014228001,285,267,18
060014228002,104,96,8
060014228003,124,114,10
060014228004,221,203,18
060014229011,167,155,12
060014229012,147,136,11
060014229021,186,172,14
060014229022,155,145,10
060014229023,75,69,6
060014230001,629,596,33
060014230002,750,709,41
060014230003,669,634,35
060014231001,578,550,28
060014231002,320,306,14
060014231003,412,396,16
060014231004,379,363,16
060014232001,455,435,20
060014232002,568,543,25
060014233001,568,543,25
060014233002,689,659,30
060014233003,539,513,26
060014234001,432,411,21
060014234002,399,383,16
060014234003,598,570,28
060014234004,593,566,27
060014235001,455,433,22
060014235002,420,401,19
060014235003,457,431,26
060014236011,648,618,30
060014236012,563,543,20
060014236021,378,357,21
060014236022,364,341,23
060014236023,565,540,25
060014237001,382,354,28
060014237002,662,616,46
060014237003,250,234,16
060014238001,386,363,23
060014238002,761,710,51
060014238003,821,769,52
060014239011,451,427,24
060014239012,465,449,16
060014239021,326,315,11
060014239022,387,375,12
060014240011,346,328,18
060014240012,280,264,16
060014240013,401,379,22
060014240014,383,363,20
060014240021,487,462,25
060014240022,391,372,19
060014251011,565,511,54
060014251012,47,43,4
060014251021,203,184,19
060014251022,122,113,9
060014251023,565,511,54
060014251031,221,201,20
060014251032,351,319,32
060014251033,369,335,34
060014251041,621,578,43
060014251042,280,260,20
060014251043,102,95,7
060014251044,214,199,15
060014251045,95,89,6
060014261001,652,541,111
060014261002,452,360,92
060014261003,759,602,157
060014261004,645,529,116
060014261005,698,559,139
060014261006,434,343,91
060014262001,944,823,121
060014262002,1154,1010,144
060014262003,639,559,80
060014271001,465,389,76
060014271002,686,571,115
060014271003,729,603,126
060014272001,391,326,65
060014272002,623,520,103
060014272003,364,305,59
060014272004,275,229,46
060014272005,7,5,2
060014273001,426,359,67
060014273002,644,543,101
060014273003,372,315,57
060014273004,254,218,36
060014273005,412,350,62
060014276001,411,353,58
060014276002,501,427,74
060014276003,288,242,46
060014277001,334,282,52
060014277002,612,505,107
060014277003,604,505,99
060014277004,328,274,54
060014278001,284,237,47
060014278002,490,402,88
060014278003,309,263,46
060014278004,324,278,46
060014278005,420,356,64
060014279001,356,301,55
060014279002,500,410,90
060014279003,266,223,43
060014279004,389,326,63
060014279005,389,328,61
060014280001,192,162,30
060014280002,438,371,67
060014280003,354,299,55
060014281001,701,579,122
060014281002,599,497,102
060014281003,550,458,92
060014281004,388,324,64
060014282001,605,496,109
060014282002,913,753,160
060014282003,515,429,86
060014282004,488,407,81
060014282005,539,444,95
060014283011,1011,780,231
060014283012,327,252,75
060014283013,402,310,92
060014283014,995,766,229
060014283021,1149,890,259
060014283022,1418,1101,317
060014283023,1014,787,227
060014284001,641,535,106
060014284002,390,328,62
060014284003,541,455,86
060014285001,547,454,93
060014285002,387,319,68
060014285003,353,295,58
060014286001,555,451,104
060014286002,768,628,140
060014287001,599,506,93
060014287002,324,272,52
060014287003,460,389,71
060014301011,601,385,216
060014301012,898,616,282
060014301013,780,512,268
060014301014,493,338,155
060014301021,1056,647,409
060014302001,1081,736,345
060014302002,534,348,186
060014302003,375,240,135
060014302004,657,421,236
060014302005,621,398,223
060014303001,850,573,277
060014303002,488,333,155
060014303003,475,320,155
060014304001,482,324,158
060014304002,489,330,159
060014305001,738,549,189
060014305002,445,332,113
060014305003,413,306,107
060014306001,542,372,170
060014306002,309,220,89
060014306003,1232,851,381
060014306004,340,233,107
060014307001,338,231,107
060014307002,782,534,248
060014307003,498,341,157
060014308001,272,179,93
060014308002,342,225,117
060014308003,731,483,248
060014308004,571,376,195
060014309001,534,380,154
060014309002,337,239,98
060014309003,217,154,63
060014310001,337,239,98
060014310002,423,301,122
060014311001,438,310,128
060014311002,439,337,102
060014312001,576,405,171
060014312002,541,406,135
060014312003,716,530,186
060014321001,789,686,103
060014321002,418,364,54
060014321003,556,483,73
060014322001,350,296,54
060014322002,339,288,51
060014322003,739,624,115
060014323001,331,276,55
060014323002,250,210,40
060014323003,798,665,133
060014324001,316,214,102
060014324002,380,269,111
060014324003,454,321,133
060014325011,249,181,68
060014325012,147,107,40
060014325013,509,376,133
060014325021,466,358,108
060014325022,231,178,53
060014325023,212,164,48
060014326011,355,299,56
060014326012,589,482,107
060014326021,234,190,44
060014326022,376,319,57
060014326023,311,252,59
060014327001,471,405,66
060014327002,245,200,45
060014327003,346,280,66
060014328001,365,257,108
060014328002,816,605,211
060014328003,334,248,86
060014330001,429,338,91
060014330002,372,296,76
060014330003,232,184,48
060014330004,229,166,63
060014331021,415,327,88
060014331022,465,337,128
060014331031,444,356,88
060014331032,196,153,43
060014331041,145,119,26
060014331042,166,132,34
060014331043,461,379,82
060014332001,495,363,132
060014332002,459,346,113
060014332003,182,144,38
060014332004,405,302,103
060014333001,437,297,140
060014333002,262,176,86
060014333003,305,205,100
060014333004,386,257,129
060014333005,400,268,132
060014334001,314,232,82
060014334002,320,236,84
060014334003,215,158,57
060014334004,333,252,81
060014334005,292,185,107
060014334006,410,279,131
060014335001,255,172,83
060014335002,225,153,72
060014335003,382,252,130
060014335004,241,172,69
060014336001,256,174,82
060014336002,358,241,117
060014336003,466,334,132
060014336004,407,270,137
060014337001,276,211,65
060014337002,160,120,40
060014337003,121,90,31
060014338011,130,105,25
060014338012,360,291,69
060014338021,411,308,103
060014338022,457,342,115
060014339001,270,218,52
060014339002,164,132,32
060014339003,131,106,25
060014339004,198,160,38
060014340001,346,264,82
060014340002,196,150,46
060014340003,279,214,65
060014351021,682,516,166
060014351022,197,152,45
060014351023,653,504,149
060014351031,632,398,234
060014351032,729,520,209
060014351033,734,520,214
060014351034,873,664,209
060014351041,630,474,156
060014351042,200,149,51
060014351043,282,209,73
060014351044,260,193,67
060014352001,843,659,184
060014352002,721,570,151
060014353001,289,232,57
060014353002,462,367,95
060014353003,375,280,95
060014354001,375,300,75
060014354002,241,194,47
060014354003,338,271,67
060014355001,202,148,54
060014355002,272,215,57
060014355003,247,181,66
060014356011,213,169,44
060014356012,270,216,54
060014356013,165,131,34
060014356021,195,148,47
060014356022,116,93,23
060014356023,266,210,56
060014356024,272,205,67
060014357001,213,162,51
060014357002,246,178,68
060014357003,349,252,97
060014357004,284,205,79
060014358001,377,265,112
060014358002,372,259,113
060014358003,321,223,98
060014358004,311,218,93
060014359001,466,320,146
060014359002,435,299,136
060014359003,331,229,102
060014359004,216,149,67
060014360001,266,182,84
060014360002,582,401,181
060014360003,478,335,143
060014361001,295,202,93
060014361002,503,353,150
060014361003,462,324,138
060014362001,215,155,60
060014362002,387,274,113
060014363011,245,194,51
060014363012,606,470,136
060014363021,279,222,57
060014363022,277,219,58
060014363023,139,108,31
060014364021,738,530,208
060014364022,508,369,139
060014364031,222,177,45
060014364032,361,280,81
060014364033,175,137,38
060014364034,146,115,31
060014364041,472,351,121
060014364042,390,290,100
060014364043,317,236,81
060014365001,364,279,85
060014365002,314,235,79
060014365003,195,146,49
060014366011,281,217,64
060014366012,411,314,97
060014366013,309,233,76
060014366021,223,170,53
060014366022,356,272,84
060014366023,251,191,60
060014367001,230,181,49
060014367002,415,324,91
060014368001,342,260,82
060014368002,401,306,95
060014369001,179,142,37
060014369002,185,139,46
060014369003,257,194,63
060014369004,289,225,64
060014370001,352,265,87
060014370002,209,158,51
060014370003,334,250,84
060014371011,786,582,204
060014371012,435,323,112
060014371013,394,297,97
060014371014,141,95,46
060014371021,225,172,53
060014371022,341,257,84
060014371023,251,192,59
060014372001,326,240,86
060014372002,258,189,69
060014372003,360,263,97
060014372004,390,286,104
060014372005,568,416,152
060014373001,259,195,64
060014373002,256,192,64
060014373003,198,149,49
060014374001,216,164,52
060014374002,479,365,114
060014375001,195,149,46
060014375002,306,235,71
060014376001,365,278,87
060014376002,202,154,48
060014377011,81,62,19
060014377012,214,165,49
060014377013,89,68,21
060014377021,98,75,23
060014377022,94,72,22
060014377023,77,59,18
060014378001,434,329,105
060014378002,238,180,58
060014378003,301,227,74
060014379001,224,168,56
060014379002,170,129,41
060014380001,531,383,148
060014380002,315,242,73
060014381001,459,339,120
060014381002,265,200,65
060014381003,227,171,56
060014381004,386,290,96
060014381005,284,214,70
060014381006,250,189,61
060014382011,286,215,71
060014382012,354,265,89
060014382013,261,197,64
060014382031,424,317,107
060014382032,458,340,118
060014382041,373,277,96
060014382042,317,235,82
060014382043,660,489,171
060014383001,256,195,61
060014383002,336,257,79
060014383003,197,150,47
060014384001,270,204,66
060014384002,298,222,76
060014401001,617,437,180
060014402001,270,206,64
060014402002,248,196,52
060014402003,276,214,62
060014402004,236,179,57
060014403011,462,327,135
060014403012,529,380,149
060014403013,525,375,150
060014403014,396,295,101
060014403041,274,202,72
060014403042,440,322,118
060014403043,467,344,123
060014403051,266,203,63
060014403052,251,193,58
060014403053,557,412,145
060014403061,586,448,138
060014403062,321,246,75
060014403071,688,492,196
060014403072,308,229,79
060014403073,280,206,74
060014403081,501,370,131
060014403082,172,136,36
060014403083,376,298,78
060014403084,384,284,100
060014403311,429,314,115
060014403312,292,218,74
060014403321,376,276,100
060014403322,607,446,161
060014403331,526,363,163
060014403332,346,266,80
060014403341,528,406,122
060014403342,539,413,126
060014403361,401,292,109
060014403362,689,503,186
060014403371,864,598,266
060014403381,331,243,88
060014403382,56,46,10
060014403383,376,274,102
060014411001,829,610,219
060014411002,696,511,185
060014412001,339,247,92
060014412002,199,144,55
060014412003,801,582,219
060014412004,457,332,125
060014412005,454,329,125
060014413011,526,367,159
060014413012,326,227,99
060014413021,382,267,115
060014413022,321,225,96
060014413023,389,271,118
060014413024,570,398,172
060014414011,312,216,96
060014414012,431,300,131
060014414013,216,155,61
060014414014,345,242,103
060014414015,357,249,108
060014414021,596,432,164
060014414022,571,396,175
060014414023,303,210,93
060014415011,579,426,153
060014415012,901,662,239
060014415013,522,394,128
060014415031,77,52,25
060014415032,416,277,139
060014415033,348,259,89
060014415034,774,576,198
060014415211,467,345,122
060014415212,432,324,108
060014415213,404,299,105
060014415214,232,170,62
060014415221,341,246,95
060014415222,429,309,120
060014415223,522,377,145
060014415231,183,138,45
060014415232,258,194,64
060014415233,224,169,55
060014415241,641,477,164
060014415242,232,174,58
060014415251,176,130,46
060014415252,68,50,18
060014415253,189,140,49
060014416011,201,140,61
060014416012,631,438,193
060014416013,338,236,102
060014416021,554,388,166
060014416022,556,387,169
060014416023,406,289,117
060014417011,608,420,188
060014417012,256,170,86
060014417021,384,267,117
060014417022,472,323,149
060014418001,468,348,120
060014418002,206,154,52
060014418003,606,428,178
060014418004,281,197,84
060014419211,291,211,80
060014419212,392,283,109
060014419231,154,116,38
060014419232,162,117,45
060014419233,130,97,33
060014419234,208,151,57
060014419241,417,307,110
060014419242,580,425,155
060014419243,252,192,60
060014419244,121,89,32
060014419245,447,327,120
060014419261,261,186,75
060014419262,196,140,56
060014419271,340,264,76
060014419272,181,140,41
060014419281,70,52,18
060014419282,400,311,89
060014419291,254,198,56
060014419292,94,74,20
060014420001,916,642,274
060014420002,450,300,150
060014421001,832,557,275
060014421002,513,345,168
060014421003,408,273,135
060014422001,588,367,221
060014422002,800,500,300
060014422003,617,387,230
060014422004,408,266,142
060014423011,438,289,149
060014423012,173,118,55
060014423013,353,246,107
060014423021,272,191,81
060014423022,410,285,125
060014423023,378,252,126
060014424001,326,236,90
060014424002,427,308,119
060014424003,418,294,124
060014424004,394,277,117
060014425011,408,290,118
060014425012,410,288,122
060014425021,448,309,139
060014425022,397,274,123
060014426011,472,320,152
060014426012,646,440,206
060014426021,331,231,100
060014426022,570,390,180
060014426023,300,208,92
060014427001,334,222,112
060014427002,299,199,100
060014427003,333,221,112
060014428001,753,522,231
060014429001,520,359,161
060014429002,501,335,166
060014429003,443,302,141
060014429004,267,186,81
060014430011,414,281,133
060014430012,259,175,84
060014430021,338,226,112
060014430022,497,330,167
060014430023,679,442,237
060014431021,463,317,146
060014431022,324,222,102
060014431023,431,296,135
060014431024,434,297,137
060014431031,629,429,200
060014431032,514,348,166
060014431033,461,312,149
060014431041,595,408,187
060014431042,289,195,94
060014431043,369,254,115
060014431044,356,247,109
060014431051,773,543,230
060014431052,953,667,286
060014432001,1022,664,358
060014432002,440,279,161
060014433011,430,280,150
060014433012,499,338,161
060014433013,227,154,73
060014433211,260,180,80
060014433212,157,116,41
060014433221,537,339,198
060014433222,336,212,124
060014441001,955,654,301
060014441002,605,415,190
060014441003,515,353,162
060014441004,437,299,138
060014442001,355,253,102
060014442002,592,422,170
060014442003,633,451,182
060014443011,458,326,132
060014443012,570,408,162
060014443031,1,0,1
060014443041,363,255,108
060014443042,1004,727,277
060014444001,288,205,83
060014444002,401,284,117
060014444003,315,226,89
060014445001,159,110,49
060014445002,390,270,120
060014445003,360,249,111
060014445004,297,204,93
060014446011,579,405,174
060014446012,814,573,241
060014446021,609,433,176
060014446022,527,374,153
060014501011,630,470,160
060014501012,577,429,148
060014501021,913,679,234
060014501022,485,338,147
060014502001,454,338,116
060014502002,639,473,166
060014502003,381,278,103
060014503001,684,453,231
060014503002,327,227,100
060014503003,742,490,252
060014504001,661,437,224
060014504002,494,328,166
060014504003,721,457,264
060014504004,472,295,177
060014505011,505,319,186
060014505012,668,431,237
060014505021,927,581,346
060014505022,1195,799,396
060014506011,375,235,140
060014506012,605,387,218
060014506013,658,328,330
060014506031,590,359,231
060014506032,584,366,218
060014506033,103,64,39
060014506034,467,292,175
060014506041,578,369,209
060014506042,724,459,265
060014506043,435,277,158
060014506044,344,220,124
060014506051,675,436,239
060014506052,412,267,145
060014506053,506,328,178
060014506061,901,583,318
060014506062,719,466,253
060014506063,883,571,312
060014506071,649,419,230
060014506072,527,337,190
060014506073,456,305,151
060014506081,500,289,211
060014506082,613,349,264
060014506083,523,325,198
060014506091,194,128,66
060014506092,720,473,247
060014506093,783,498,285
060014507011,560,326,234
060014507012,470,290,180
060014507013,351,201,150
060014507014,1095,608,487
060014507015,1053,632,421
060014507411,539,344,195
060014507412,586,384,202
060014507413,856,562,294
060014507421,640,397,243
060014507422,703,409,294
060014507423,729,473,256
060014507431,542,390,152
060014507432,202,146,56
060014507433,147,106,41
060014507434,322,230,92
060014507441,1015,641,374
060014507442,1415,925,490
060014507451,935,608,327
060014507452,745,481,264
060014507453,582,390,192
060014507461,931,599,332
060014507462,327,208,119
060014507501,440,318,122
060014507502,771,548,223
060014507511,1817,1277,540
060014507512,997,702,295
060014507521,1413,1011,402
060014507522,773,553,220
060014511021,663,376,287
060014511022,797,452,345
060014511023,646,365,281
060014511031,0,0,0
060014511032,664,366,298
060014511041,854,449,405
060014511042,831,464,367
060014511043,551,207,344
060014512011,612,364,248
060014512012,886,527,359
060014512013,380,226,154
060014512014,541,304,237
060014512021,1385,793,592
060014512022,311,174,137
060014512023,343,192,151
060014513001,1072,657,415
060014513002,643,378,265
060014513003,754,441,313
060014514011,421,256,165
060014514012,1211,733,478
060014514013,598,366,232
060014514031,279,170,109
060014514032,523,309,214
060014514041,640,378,262
060014514042,348,214,134
060014514043,332,204,128
060014514044,388,239,149
060014515011,573,354,219
060014515012,832,480,352
060014515013,698,416,282
060014515031,1008,590,418
060014515032,357,220,137
060014515033,296,183,113
060014515034,327,202,125
060014515035,531,326,205
060014515041,820,470,350
060014515051,502,290,212
060014515052,1076,621,455
060014515061,808,466,342
060014515062,227,131,96
060014516011,674,415,259
060014516012,932,514,418
060014516013,784,463,321
060014516021,357,218,139
060014516022,512,312,200
060014516023,861,475,386
060014516024,759,421,338
060014516025,271,165,106
060014517011,377,221,156
060014517012,557,321,236
060014517013,350,191,159
060014517031,611,362,249
060014517032,1080,631,449
060014517041,646,365,281
060014517042,952,550,402
060014517043,324,178,146
060019819001,12,11,1
060019820001,44,41,3
060019821001,51,48,3
060019832001,205,184,21
060019832002,204,181,23
060030100001,619,363,256
060050001011,432,152,280
060050001012,610,209,401
060050001013,399,129,270
060050001014,390,129,261
060050001015,329,122,207
060050001021,464,173,291
060050001022,479,156,323
060050002011,537,187,350
060050002012,805,309,496
060050002013,527,181,346
060050002021,458,172,286
060050002022,585,213,372
060050003011,404,118,286
060050003012,494,107,387
060050003031,907,294,613
060050003032,1023,251,772
060050003033,1200,313,887
060050003041,723,230,493
060050003042,1078,245,833
060050004011,821,264,557
060050004012,441,184,257
060050004013,808,311,497
060050004014,521,200,321
060050004021,953,305,648
060050004022,467,148,319
060050004023,462,148,314
060050004024,574,194,380
060050005001,549,165,384
060050005002,647,214,433
060050005003,568,204,364
060070001021,532,298,234
060070001022,691,359,332
060070001023,652,365,287
060070001031,1254,633,621
060070001032,1320,624,696
060070001041,671,311,360
060070001042,450,246,204
060070001043,395,223,172
060070001044,386,195,191
060070002011,325,155,170
060070002012,337,135,202
060070002013,238,114,124
060070002014,551,263,288
060070002021,431,220,211
060070002022,265,132,133
060070002023,278,138,140
060070002024,281,143,138
060070003001,208,141,67
060070003002,469,224,245
060070003003,195,95,100
060070003004,312,211,101
060070004011,691,303,388
060070004012,1143,503,640
060070004031,586,296,290
060070004032,812,408,404
060070004041,1377,597,780
060070004042,483,212,271
060070005011,471,221,250
060070005012,519,263,256
060070005013,436,201,235
060070005014,58,40,18
060070005015,121,82,39
060070005021,300,138,162
060070005022,114,87,27
060070005023,240,156,84
060070005024,168,128,40
060070006011,449,257,192
060070006012,339,195,144
060070006013,675,386,289
060070006031,181,120,61
060070006032,184,127,57
060070006033,265,189,76
060070006041,95,73,22
060070006042,183,135,48
060070006043,105,77,28
060070006044,184,129,55
060070006045,164,120,44
060070007001,427,278,149
060070007002,483,324,159
060070007003,670,434,236
060070007004,331,221,110
060070008001,533,323,210
060070008002,433,248,185
060070008003,483,327,156
060070008004,530,331,199
060070008005,373,226,147
060070008006,328,177,151
060070009011,1310,651,659
060070009031,359,183,176
060070009032,321,176,145
060070009033,719,367,352
060070009034,599,359,240
060070009041,1242,747,495
060070009042,873,445,428
060070009043,372,248,124
060070009044,571,292,279
060070010001,281,198,83
060070010002,112,83,29
060070010003,218,150,68
060070010004,87,67,20
060070010005,105,77,28
060070010006,320,238,82
060070011001,99,76,23
060070011002,583,249,334
060070011003,166,104,62
060070011004,129,79,50
060070011005,77,60,17
060070012001,332,243,89
060070012002,224,164,60
060070012003,275,165,110
060070012004,153,113,40
060070013001,357,264,93
060070013002,237,174,63
060070013003,228,130,98
060070013004,176,129,47
060070014001,1331,417,914
060070014002,648,292,356
060070014003,425,129,296
060070014004,804,252,552
060070015001,579,173,406
060070015002,507,131,376
060070015003,908,294,614
060070015004,373,93,280
060070015005,260,68,192
060070016011,550,250,300
060070016012,193,84,109
060070016021,581,229,352
060070016022,474,252,222
060070016023,925,477,448
060070017021,78,26,52
060070017022,168,58,110
060070017023,817,303,514
060070017024,404,142,262
060070017031,157,61,96
060070017032,496,191,305
060070017041,216,66,150
060070017042,363,122,241
060070017043,511,185,326
060070018001,215,72,143
060070018002,108,35,73
060070018003,122,39,83
060070018004,127,41,86
060070018005,108,34,74
060070019001,79,25,54
060070019002,174,57,117
060070019003,128,41,87
060070019004,120,39,81
060070020001,142,42,100
060070020002,93,27,66
060070020003,139,41,98
060070020004,100,28,72
060070020005,172,50,122
060070020006,117,34,83
060070021001,122,42,80
060070021002,53,17,36
060070021003,102,34,68
060070021004,230,78,152
060070021005,203,69,134
060070022001,181,59,122
060070022002,625,200,425
060070022003,122,41,81
060070022004,282,87,195
060070023001,194,52,142
060070023002,176,51,125
060070023003,118,35,83
060070023004,116,33,83
060070023005,440,139,301
060070024011,210,70,140
060070024012,313,99,214
060070024021,224,63,161
060070024022,186,55,131
060070024023,462,135,327
060070025001,173,64,109
060070025002,263,102,161
060070025003,108,40,68
060070025004,411,127,284
060070026011,311,76,235
060070026012,384,111,273
060070026013,445,110,335
060070026021,587,173,414
060070026022,798,253,545
060070026023,412,115,297
060070027001,330,96,234
060070027002,338,98,240
060070027003,216,62,154
060070027004,230,68,162
060070027005,402,144,258
060070027006,307,86,221
060070028001,171,67,104
060070028002,166,59,107
060070028003,262,125,137
060070028004,129,57,72
060070028005,168,69,99
060070029001,410,128,282
060070029002,366,115,251
060070030011,240,101,139
060070030012,129,67,62
060070030013,122,62,60
060070030014,96,49,47
060070030021,131,52,79
060070030022,254,69,185
060070030023,202,63,139
060070030024,122,50,72
060070031001,606,171,435
060070031002,375,94,281
060070031003,324,91,233
060070031004,415,119,296
060070032001,262,66,196
060070032002,397,91,306
060070032003,310,76,234
060070033001,714,175,539
060070033002,308,83,225
060070033003,555,144,411
060070034001,427,91,336
060070034002,467,86,381
060070035011,372,91,281
060070035012,220,81,139
060070035013,191,70,121
060070035014,283,100,183
060070035021,388,71,317
060070035022,277,94,183
060070035023,261,94,167
060070035024,269,98,171
060070036001,273,61,212
060070036002,335,84,251
060070036003,597,72,525
060070037001,448,127,321
060070037002,309,77,232
060070037003,341,107,234
060070037004,263,83,180
060090001211,725,226,499
060090001212,630,224,406
060090001213,750,271,479
060090001221,855,406,449
060090001222,270,110,160
060090001223,997,443,554
060090001231,877,254,623
060090001232,435,118,317
060090001241,726,210,516
060090001242,402,113,289
060090002201,895,226,669
060090002202,854,216,638
060090002203,897,211,686
060090002211,830,215,615
060090002212,883,242,641
060090002213,805,238,567
060090002221,989,237,752
060090002222,1014,217,797
060090003011,603,205,398
060090003012,550,182,368
060090003013,550,182,368
060090003021,661,231,430
060090003022,428,152,276
060090004001,179,57,122
060090004002,226,71,155
060090004003,576,182,394
060090004004,254,100,154
060090004005,251,100,151
060090004006,227,88,139
060090005011,510,236,274
060090005012,1117,512,605
060090005041,250,123,127
060090005042,114,58,56
060090005051,303,142,161
060090005052,252,124,128
060090005061,355,181,174
060110001001,129,31,98
060110001002,294,82,212
060110001003,499,158,341
060110001004,443,139,304
060110002001,284,79,205
060110002002,377,80,297
060110002003,356,104,252
060110002004,399,94,305
060110002005,206,48,158
060110003011,213,82,131
060110003012,475,181,294
060110003021,217,40,177
060110003022,146,75,71
060110004001,272,48,224
060110004002,312,48,264
060110004003,225,43,182
060110005001,144,37,107
060110005002,149,55,94
060110005003,244,71,173
060110005004,178,58,120
060133010001,343,143,200
060133010002,367,158,209
060133010003,641,378,263
060133010004,218,90,128
060133020051,454,269,185
060133020052,381,181,200
060133020053,551,302,249
060133020054,344,195,149
060133020061,408,201,207
060133020062,795,394,401
060133020071,880,480,400
060133020072,522,318,204
060133020073,481,213,268
060133020091,555,397,158
060133020092,337,215,122
060133020093,412,303,109
060133020094,781,592,189
060133020111,1234,801,433
060133020112,345,156,189
060133020121,628,310,318
060133020122,688,406,282
060133020131,873,429,444
060133020132,335,144,191
060133020141,1091,529,562
060133020142,832,382,450
060133020143,549,255,294
060133031041,1211,577,634
060133031042,956,523,433
060133031051,788,408,380
060133031061,721,237,484
060133031062,751,451,300
060133031063,600,339,261
060133031071,288,172,116
060133031072,528,289,239
060133031073,363,198,165
060133031074,794,400,394
060133032021,1074,585,489
060133032022,952,458,494
060133032023,960,473,487
060133032041,590,334,256
060133032042,313,139,174
060133032043,720,334,386
060133032061,776,422,354
060133032062,642,372,270
060133032071,702,514,188
060133032072,656,491,165
060133032073,504,333,171
060133032081,416,220,196
060133032082,1383,652,731
060133032091,970,525,445
060133032092,510,297,213
060133032101,1285,688,597
060133032102,995,561,434
060133032111,1078,456,622
060133032112,702,371,331
060133040011,2128,1313,815
060133040012,989,529,460
060133040021,359,111,248
060133040031,819,304,515
060133040032,941,323,618
060133040041,1139,376,763
060133040042,532,161,371
060133040061,1408,657,751
060133040071,483,177,306
060133040072,425,177,248
060133040073,504,213,291
060133050001,205,138,67
060133050002,162,119,43
060133050003,183,125,58
060133050004,239,151,88
060133050005,188,132,56
060133060021,444,245,199
060133060022,546,328,218
060133060031,305,207,98
060133060032,346,225,121
060133060033,405,247,158
060133060041,441,294,147
060133060042,287,188,99
060133071011,417,264,153
060133071012,281,171,110
060133071013,506,310,196
060133071021,100,71,29
060133071022,161,108,53
060133071023,242,154,88
060133071024,318,197,121
060133072011,376,220,156
060133072012,133,82,51
060133072021,184,151,33
060133072022,66,52,14
060133072023,144,117,27
060133072041,319,216,103
060133072042,241,160,81
060133072043,455,321,134
060133072051,283,194,89
060133072052,444,323,121
060133072053,282,184,98
060133072054,479,312,167
060133080011,440,263,177
060133080012,715,428,287
060133080013,461,270,191
060133080014,376,228,148
060133080021,689,495,194
060133080022,634,398,236
060133080023,235,158,77
060133090001,392,315,77
060133090002,273,219,54
060133090003,301,240,61
060133100001,273,214,59
060133100002,201,160,41
060133100003,256,201,55
060133100004,266,207,59
060133110001,205,157,48
060133110002,291,216,75
060133110003,316,229,87
060133120001,534,446,88
060133131021,474,376,98
060133131022,475,306,169
060133131041,379,281,98
060133131042,191,144,47
060133131051,515,351,164
060133131052,422,296,126
060133131053,235,201,34
060133131061,783,601,182
060133131062,608,426,182
060133131071,352,236,116
060133131072,550,365,185
060133132031,221,150,71
060133132032,632,428,204
060133132041,409,318,91
060133132042,500,326,174
060133132043,388,289,99
060133132051,442,296,146
060133132061,298,230,68
060133132062,186,146,40
060133132063,390,296,94
060133132064,194,154,40
060133141021,496,378,118
060133141022,277,211,66
060133141023,408,298,110
060133141031,291,204,87
060133141032,274,194,80
060133141033,171,130,41
060133141051,216,153,63
060133141052,343,272,71
060133141061,240,183,57
060133141062,143,106,37
060133142001,214,158,56
060133142002,378,268,110
060133142003,296,197,99
060133150001,301,182,119
060133150002,789,556,233
060133160001,365,272,93
060133170001,514,383,131
060133170002,398,305,93
060133180001,424,316,108
060133180002,524,368,156
060133180003,532,366,166
060133190011,619,405,214
060133190012,737,457,280
060133190021,483,321,162
060133190022,339,229,110
060133190023,677,431,246
060133190024,233,151,82
060133200011,406,228,178
060133200012,680,390,290
060133200031,1354,875,479
060133200041,280,171,109
060133200042,425,311,114
060133200043,667,454,213
060133200044,1257,792,465
060133211011,917,629,288
060133211012,682,440,242
060133211013,805,530,275
060133211014,628,388,240
060133211021,556,383,173
060133211022,1017,698,319
060133211023,879,587,292
060133211024,1101,789,312
060133211031,1096,750,346
060133211032,1058,671,387
060133211033,385,220,165
060133212001,595,398,197
060133212002,416,309,107
060133212003,164,130,34
060133212004,467,332,135
060133220001,293,184,109
060133220002,313,211,102
060133220003,1090,749,341
060133220004,946,658,288
060133220005,355,239,116
060133230001,481,344,137
060133230002,537,365,172
060133230003,668,482,186
060133230004,468,324,144
060133240021,770,565,205
060133240022,421,301,120
060133240023,558,405,153
060133240031,128,100,28
060133240032,569,450,119
060133240033,58,47,11
060133240041,209,151,58
060133240042,505,357,148
060133240043,284,201,83
060133250001,527,393,134
060133250002,211,152,59
060133250003,848,623,225
060133250004,572,415,157
060133250005,433,315,118
060133260001,1174,815,359
060133260002,642,447,195
060133270011,357,252,105
060133270012,501,309,192
060133270021,586,415,171
060133270022,198,143,55
060133270023,320,232,88
060133280001,250,184,66
060133280002,411,314,97
060133290001,610,398,212
060133290002,522,341,181
060133290003,367,272,95
060133290004,490,348,142
060133300001,401,272,129
060133300002,613,414,199
060133300003,377,253,124
060133300004,605,429,176
060133310001,229,142,87
060133310002,527,315,212
060133310003,244,165,79
060133310004,438,275,163
060133310005,538,331,207
060133310006,347,258,89
060133320001,774,474,300
060133320002,425,265,160
060133320003,412,266,146
060133320004,584,344,240
060133320005,307,187,120
060133320006,295,187,108
060133320007,229,145,84
060133331011,431,214,217
060133331012,679,429,250
060133331013,515,331,184
060133331021,635,366,269
060133331022,388,212,176
060133331023,492,346,146
060133332001,373,242,131
060133332002,475,287,188
060133332003,459,277,182
060133332004,538,343,195
060133332005,564,409,155
060133340011,665,464,201
060133340012,646,430,216
060133340061,458,308,150
060133340062,1107,779,328
060133340063,586,415,171
060133340071,275,197,78
060133340072,480,351,129
060133340073,613,404,209
060133340081,473,326,147
060133340082,692,469,223
060133342001,831,519,312
060133342002,546,298,248
060133342003,754,553,201
060133342004,462,350,112
060133342005,437,337,100
060133342006,634,425,209
060133350001,554,354,200
060133350002,386,255,131
060133350003,285,195,90
060133361011,146,116,30
060133361012,216,169,47
060133361013,118,92,26
060133361031,286,197,89
060133361032,121,97,24
060133361041,80,64,16
060133361042,162,129,33
060133362011,392,278,114
060133362012,221,153,68
060133362013,127,90,37
060133362021,284,204,80
060133362022,75,53,22
060133362023,152,107,45
060133371001,725,447,278
060133371002,694,431,263
060133372011,407,252,155
060133372012,376,255,121
060133372021,171,109,62
060133372022,663,429,234
060133372023,240,154,86
060133372024,589,403,186
060133373001,677,485,192
060133373002,532,354,178
060133373003,313,203,110
060133373004,479,290,189
060133373005,357,231,126
060133373006,542,369,173
060133381011,234,172,62
060133381012,256,177,79
060133381013,254,193,61
060133381014,176,135,41
060133381021,424,297,127
060133381022,1185,796,389
060133382011,864,561,303
060133382012,1002,665,337
060133382031,261,202,59
060133382032,271,188,83
060133382033,370,279,91
060133382034,399,304,95
060133382035,394,301,93
060133382041,712,525,187
060133382042,455,332,123
060133382043,591,437,154
060133382044,778,564,214
060133383011,961,636,325
060133383012,608,418,190
060133383021,1251,797,454
060133383022,726,439,287
060133383023,1134,851,283
060133390011,180,141,39
060133390012,345,270,75
060133390013,296,215,81
060133390031,792,573,219
060133390032,484,347,137
060133390041,846,621,225
060133390042,317,229,88
060133400011,374,260,114
060133400012,741,530,211
060133400013,607,431,176
060133400014,665,479,186
060133400031,472,338,134
060133400032,356,256,100
060133400033,1009,757,252
060133400041,333,242,91
060133400042,798,596,202
060133400043,913,666,247
060133410001,834,642,192
060133410002,1004,752,252
060133410003,897,690,207
060133430011,563,372,191
060133430012,394,287,107
060133430013,593,436,157
060133430014,517,373,144
060133430021,999,726,273
060133430022,793,564,229
060133430023,408,275,133
060133430031,1399,946,453
060133430032,832,570,262
060133451011,376,226,150
060133451012,886,535,351
060133451013,461,269,192
060133451014,510,334,176
060133451021,475,291,184
060133451022,744,430,314
060133451023,448,267,181
060133451031,447,285,162
060133451032,507,296,211
060133451033,1046,613,433
060133451034,247,164,83
060133451051,959,612,347
060133451052,626,408,218
060133451053,515,303,212
060133451054,543,319,224
060133451055,235,146,89
060133451111,653,412,241
060133451112,317,213,104
060133451113,406,250,156
060133451114,255,171,84
060133451121,559,371,188
060133451122,330,220,110
060133451123,698,463,235
060133451124,999,657,342
060133451131,779,497,282
060133451132,1311,788,523
060133451141,732,461,271
060133451142,895,535,360
060133451143,1407,836,571
060133451144,519,333,186
060133451151,1014,594,420
060133451152,665,432,233
060133451153,798,488,310
060133451161,523,314,209
060133451162,705,429,276
060133451171,388,280,108
060133451172,422,292,130
060133451173,706,447,259
060133451181,1046,656,390
060133451182,526,334,192
060133452031,1427,754,673
060133452032,668,360,308
060133452033,471,245,226
060133452034,1002,555,447
060133452041,1138,625,513
060133452042,910,435,475
060133452051,606,374,232
060133452052,629,428,201
060133452053,582,409,173
060133452061,479,295,184
060133452062,956,641,315
060133461011,1357,872,485
060133461012,629,395,234
060133461021,952,496,456
060133461022,918,459,459
060133461023,396,200,196
060133461024,806,373,433
060133462031,1506,841,665
060133462032,616,323,293
060133462041,1277,761,516
060133462042,1065,578,487
060133462043,945,492,453
060133462044,350,218,132
060133462051,1366,740,626
060133462052,822,430,392
060133462061,758,366,392
060133462062,1031,515,516
060133470001,1509,1039,470
060133470002,1280,836,444
060133470003,759,505,254
060133480001,431,303,128
060133480002,1169,762,407
060133480003,1008,698,310
060133490001,1005,732,273
060133490002,950,683,267
060133490003,546,414,132
060133500001,705,552,153
060133500002,524,381,143
060133500003,874,638,236
060133500004,831,621,210
060133511011,496,387,109
060133511012,647,514,133
060133511013,1147,879,268
060133511031,636,490,146
060133511032,978,748,230
060133511041,463,373,90
060133511042,571,455,116
060133511043,434,348,86
060133511051,553,438,115
060133511052,682,539,143
060133512001,726,526,200
060133512002,1342,1005,337
060133512003,1410,1027,383
060133521011,1307,970,337
060133521021,832,587,245
060133521022,531,353,178
060133521023,975,698,277
060133521024,464,299,165
060133522011,941,672,269
060133522012,790,553,237
060133522013,1231,921,310
060133522021,1413,1035,378
060133530011,761,560,201
060133530012,739,583,156
060133530013,714,562,152
060133530021,422,291,131
060133530022,852,627,225
060133530023,684,517,167
060133530024,402,294,108
060133540011,1021,804,217
060133540021,1564,1071,493
060133540022,409,286,123
060133540023,953,661,292
060133540024,1018,704,314
060133551071,701,383,318
060133551072,524,321,203
060133551073,458,307,151
060133551091,402,250,152
060133551092,317,212,105
060133551093,796,547,249
060133551094,569,402,167
060133551101,659,431,228
060133551102,421,319,102
060133551111,648,436,212
060133551112,541,390,151
060133551113,478,354,124
060133551121,744,302,442
060133551122,636,299,337
060133551123,1392,658,734
060133551131,785,454,331
060133551132,778,453,325
060133551133,630,328,302
060133551151,318,224,94
060133551152,645,482,163
060133551153,1029,758,271
060133551181,584,432,152
060133551182,760,514,246
060133551191,636,474,162
060133551192,613,436,177
060133551201,752,560,192
060133551202,401,273,128
060133551211,785,569,216
060133551212,934,589,345
060133551213,595,422,173
060133551221,746,431,315
060133551222,238,140,98
060133551223,665,382,283
060133551231,476,345,131
060133551232,315,219,96
060133551241,364,276,88
060133551242,704,500,204
060133551243,251,174,77
060133551251,764,559,205
060133551252,300,244,56
060133551261,1200,837,363
060133551262,550,406,144
060133552011,726,513,213
060133552012,621,459,162
060133552013,773,569,204
060133552021,176,125,51
060133552022,653,463,190
060133553021,500,323,177
060133553022,498,327,171
060133553023,806,523,283
060133553061,578,286,292
060133553062,546,275,271
060133553063,658,354,304
060133553064,467,256,211
060133553065,401,210,191
060133553071,1058,611,447
060133553072,1030,668,362
060133553081,652,294,358
060133553082,642,381,261
060133553083,545,298,247
060133553091,722,383,339
060133553092,714,447,267
060133553093,878,525,353
060133553101,634,419,215
060133553102,594,364,230
060133560011,311,224,87
060133560012,521,378,143
060133560013,408,297,111
060133560021,1352,825,527
060133560022,1006,814,192
060133570001,386,286,100
060133570002,565,431,134
060133570003,503,382,121
060133580001,459,322,137
060133580002,220,168,52
060133580003,290,200,90
060133580004,303,230,73
060133580005,239,176,63
060133591021,277,211,66
060133591022,735,545,190
060133591023,531,423,108
060133591031,455,310,145
060133591032,491,368,123
060133591033,473,357,116
060133591034,458,350,108
060133591041,739,611,128
060133591051,918,701,217
060133591052,820,624,196
060133592021,832,611,221
060133592022,1099,773,326
060133592023,693,508,185
060133592031,824,633,191
060133592032,545,427,118
060133592033,926,701,225
060133592041,344,261,83
060133592042,489,369,120
060133592043,923,693,230
060133601011,456,365,91
060133601012,754,593,161
060133601013,614,463,151
060133601021,896,682,214
060133601022,793,651,142
060133601023,332,256,76
060133602001,657,534,123
060133602002,402,324,78
060133602003,472,381,91
060133610001,286,224,62
060133610002,766,608,158
060133610003,619,483,136
060133620001,507,452,55
060133620002,547,501,46
060133620003,541,491,50
060133630001,513,392,121
060133630002,668,519,149
060133630003,701,573,128
060133630004,402,292,110
060133640021,665,501,164
060133640022,385,281,104
060133640023,436,311,125
060133650021,284,231,53
060133650022,116,100,16
060133650023,151,135,16
060133650031,616,536,80
060133650032,138,120,18
060133650033,181,160,21
060133650034,174,152,22
060133660011,235,192,43
060133660012,461,378,83
060133660021,157,133,24
060133660022,271,227,44
060133660023,435,368,67
060133671001,431,381,50
060133671002,278,240,38
060133671003,292,270,22
060133671004,330,291,39
060133672001,362,306,56
060133672002,433,356,77
060133672003,168,139,29
060133680011,74,61,13
060133680012,224,183,41
060133680013,132,107,25
060133680014,145,120,25
060133680021,262,218,44
060133680022,170,140,30
060133690011,190,166,24
060133690012,365,313,52
060133690013,165,133,32
060133690014,200,171,29
060133690015,179,152,27
060133690021,213,167,46
060133690022,300,266,34
060133690023,236,201,35
060133700001,597,531,66
060133700002,351,309,42
060133700003,332,292,40
060133710001,239,207,32
060133710002,188,159,29
060133710003,314,273,41
060133710004,298,263,35
060133710005,250,221,29
060133710006,292,259,33
060133720001,217,185,32
060133720002,312,262,50
060133720003,256,213,43
060133720004,259,226,33
060133720005,242,206,36
060133720006,223,188,35
060133720007,136,119,17
060133730001,272,231,41
060133730002,192,169,23
060133730003,142,124,18
060133740001,370,333,37
060133740002,344,310,34
060133740003,209,191,18
060133740004,310,281,29
060133750001,207,175,32
060133750002,173,158,15
060133750003,110,94,16
060133760001,164,148,16
060133760002,252,218,34
060133760003,210,185,25
060133760004,138,126,12
060133770001,124,103,21
060133770002,91,77,14
060133770003,151,132,19
060133770004,293,249,44
060133770005,301,260,41
060133780001,819,730,89
060133780002,1230,1064,166
060133790001,254,232,22
060133790002,226,203,23
060133790003,242,224,18
060133790004,240,212,28
060133800011,1154,1022,132
060133800012,668,592,76
060133800021,533,480,53
060133800022,204,180,24
060133810001,309,277,32
060133810002,360,325,35
060133810003,205,182,23
060133810004,406,383,23
060133820001,237,219,18
060133820002,435,401,34
060133820003,582,538,44
060133820004,342,296,46
060133830001,541,478,63
060133830002,595,542,53
060133830003,870,807,63
060133840001,564,493,71
060133840002,560,498,62
060133840003,676,619,57
060133840004,509,466,43
060133851001,1042,894,148
060133851002,573,504,69
060133852001,395,346,49
060133852002,322,287,35
060133860001,407,360,47
060133860002,350,316,34
060133860003,351,316,35
060133870001,416,381,35
060133870002,331,288,43
060133870003,385,337,48
060133880001,584,537,47
060133880002,680,625,55
060133891001,410,375,35
060133891002,530,481,49
060133892001,205,187,18
060133892002,268,245,23
060133901001,453,408,45
060133901002,509,467,42
060133901003,412,378,34
060133902001,586,531,55
060133902002,466,427,39
060133910001,519,477,42
060133910002,1138,1052,86
060133920001,727,668,59
060133920002,446,415,31
060133920003,433,398,35
060133922011,281,235,46
060133922012,204,181,23
060133922013,649,497,152
060133922021,326,262,64
060133922022,393,304,89
060133922023,488,356,132
060133923001,757,593,164
060133923002,337,278,59
060139800001,7,4,3
060150001011,483,223,260
060150001012,421,216,205
060150001021,691,240,451
060150001022,571,209,362
060150001041,397,176,221
060150001061,585,201,384
060150001062,547,170,377
060150001063,239,74,165
060150001071,462,198,264
060150001072,526,244,282
060150002011,360,98,262
060150002012,478,155,323
060150002013,716,197,519
060150002021,406,182,224
060150002022,225,65,160
060150002023,402,188,214
060150002024,497,220,277
060150002031,369,208,161
060170302011,217,144,73
060170302012,225,141,84
060170302013,98,61,37
060170302021,184,117,67
060170302022,153,96,57
060170302023,151,89,62
060170303011,204,131,73
060170303012,282,182,100
060170303013,199,127,72
060170303021,259,166,93
060170303022,235,147,88
060170303023,243,150,93
060170303024,143,90,53
060170304021,300,184,116
060170304022,229,139,90
060170304023,185,115,70
060170304024,292,189,103
060170304025,195,130,65
060170304031,200,124,76
060170304032,234,126,108
060170304033,215,116,99
060170304041,275,171,104
060170304042,373,234,139
060170304043,214,131,83
060170305021,394,274,120
060170305022,313,216,97
060170305023,412,265,147
060170305024,289,187,102
060170305041,554,332,222
060170305042,366,215,151
060170305043,370,229,141
060170305061,510,315,195
060170305071,266,165,101
060170305072,280,172,108
060170305073,218,136,82
060170306011,658,181,477
060170306012,664,208,456
060170306013,630,236,394
060170306014,852,320,532
060170306031,340,94,246
060170306032,527,178,349
060170306033,687,226,461
060170306034,54,26,28
060170306041,392,110,282
060170306051,437,128,309
060170306052,434,150,284
060170306061,625,219,406
060170306062,713,201,512
060170306063,642,216,426
060170307011,1296,517,779
060170307012,1383,542,841
060170307013,566,227,339
060170307061,1011,428,583
060170307062,787,332,455
060170307063,708,312,396
060170307064,801,302,499
060170307091,785,325,460
060170307092,1270,482,788
060170307093,812,290,522
060170307101,1327,523,804
060170307102,880,313,567
060170307103,910,324,586
060170307111,749,269,480
060170307112,2125,1044,1081
060170307113,876,350,526
060170307121,563,154,409
060170307122,528,253,275
060170307123,1272,497,775
060170308011,1432,429,1003
060170308012,876,262,614
060170308041,823,266,557
060170308042,683,209,474
060170308043,1233,371,862
060170308044,608,166,442
060170308071,894,302,592
060170308072,1052,366,686
060170308081,429,154,275
060170308082,803,276,527
060170308083,968,371,597
060170308084,1261,428,833
060170308091,436,166,270
060170308092,741,255,486
060170308101,300,111,189
060170308102,590,218,372
060170308103,595,211,384
060170308111,833,329,504
060170308121,1048,394,654
060170308122,1153,335,818
060170308123,786,239,547
060170309011,1029,382,647
060170309012,749,258,491
060170309021,1106,353,753
060170309022,773,251,522
060170309023,794,251,543
060170310001,295,142,153
060170310002,709,255,454
060170310003,933,413,520
060170310004,743,271,472
060170311001,645,298,347
060170311002,427,221,206
060170311003,971,376,595
060170311004,436,181,255
060170312001,946,375,571
060170312002,753,325,428
060170312003,222,104,118
060170312004,277,138,139
060170313011,578,191,387
060170313012,489,165,324
060170313013,638,211,427
060170313021,392,138,254
060170313022,667,235,432
060170313023,335,119,216
060170313024,404,143,261
060170314041,814,208,606
060170314042,561,161,400
060170314051,786,278,508
060170314052,429,134,295
060170314061,410,129,281
060170314062,583,194,389
060170314063,450,146,304
060170314064,596,216,380
060170314065,525,177,348
060170314071,627,200,427
060170314081,293,93,200
060170314082,714,230,484
060170314091,208,62,146
060170314092,337,97,240
060170314093,392,150,242
060170315031,467,135,332
060170315032,1044,277,767
060170315041,615,184,431
060170315042,445,132,313
060170315043,632,184,448
060170315044,847,277,570
060170315051,647,182,465
060170315052,389,108,281
060170315053,475,126,349
060170315061,727,222,505
060170315062,489,147,342
060170316011,110,72,38
060170316012,90,59,31
060170316013,80,54,26
060170316021,193,112,81
060170316022,124,72,52
060170317001,1483,596,887
060170318001,379,167,212
060170318002,1179,507,672
060170318003,1200,522,678
060170318004,346,150,196
060170319001,61,31,30
060170320011,339,212,127
060170320021,115,72,43
060170320022,33,21,12
060190001001,148,108,40
060190002001,67,55,12
060190002002,178,147,31
060190003001,179,149,30
060190003002,91,74,17
060190003003,108,89,19
060190004001,152,117,35
060190004002,127,95,32
060190004003,153,114,39
060190004004,85,63,22
060190005011,85,63,22
060190005012,119,88,31
060190005021,197,141,56
060190005022,74,51,23
060190006011,172,122,50
060190006012,181,127,54
060190006013,106,74,32
060190006014,64,44,20
060190006021,127,90,37
060190007011,305,257,48
060190007021,189,158,31
060190009011,121,103,18
060190009012,110,95,15
060190009021,135,117,18
060190009022,112,96,16
060190009023,193,165,28
060190010001,167,143,24
060190010002,194,161,33
060190011001,137,115,22
060190011002,136,111,25
060190012011,75,54,21
060190012012,151,108,43
060190012013,191,142,49
060190012014,54,41,13
060190012021,173,130,43
060190012022,248,187,61
060190013011,93,68,25
060190013012,95,70,25
060190013013,95,72,23
060190013014,130,98,32
060190013015,84,64,20
060190013031,88,66,22
060190013032,77,58,19
060190013041,53,39,14
060190013042,287,219,68
060190013043,66,49,17
060190014071,124,82,42
060190014072,237,156,81
060190014073,178,118,60
060190014074,18,12,6
060190014081,227,150,77
060190014082,181,119,62
060190014091,658,350,308
060190014111,264,137,127
060190014112,230,118,112
060190014113,461,240,221
060190014114,109,58,51
060190014121,924,441,483
060190014131,696,349,347
060190014132,1071,563,508
060190014151,188,127,61
060190014152,332,222,110
060190014153,212,142,70
060190014161,414,263,151
060190014162,662,385,277
060190014171,393,229,164
060190014172,619,360,259
060190014173,344,199,145
060190014181,307,129,178
060190014182,414,173,241
060190015001,101,43,58
060190015002,306,144,162
060190016001,734,332,402
060190016002,215,102,113
060190016003,520,247,273
060190017001,280,104,176
060190017002,209,78,131
060190017003,145,56,89
060190017004,788,371,417
060190018001,218,88,130
060190018002,160,63,97
060190018003,257,102,155
060190018004,307,104,203
060190020001,112,69,43
060190020002,195,115,80
060190020003,101,73,28
060190020004,115,70,45
060190020005,84,67,17
060190021001,286,203,83
060190021002,240,171,69
060190021003,196,136,60
060190021004,184,115,69
060190021005,261,175,86
060190022001,180,133,47
060190022002,196,137,59
060190022003,236,166,70
060190022004,287,214,73
060190023001,196,145,51
060190023002,244,179,65
060190023003,202,141,61
060190024001,95,62,33
060190024002,61,42,19
060190024003,124,87,37
060190024004,142,97,45
060190025011,109,71,38
060190025012,119,77,42
060190025013,56,40,16
060190025014,73,52,21
060190025021,86,58,28
060190025022,63,43,20
060190025023,146,101,45
060190026011,138,103,35
060190026012,187,140,47
060190026013,192,145,47
060190026021,152,113,39
060190026022,216,155,61
060190026023,142,106,36
060190027011,108,73,35
060190027012,200,134,66
060190027013,104,71,33
060190027021,129,95,34
060190027022,133,90,43
060190027023,72,52,20
060190027024,55,37,18
060190028001,129,81,48
060190028002,51,33,18
060190028003,71,49,22
060190028004,85,59,26
060190029031,133,95,38
060190029032,221,144,77
060190029033,55,39,16
060190029041,224,144,80
060190029042,197,119,78
060190029051,326,185,141
060190029061,172,109,63
060190029062,364,217,147
060190030011,145,95,50
060190030012,260,144,116
060190030031,283,168,115
060190030032,288,159,129
060190030041,214,124,90
060190030042,237,126,111
060190031021,91,38,53
060190031022,269,105,164
060190031023,317,158,159
060190031024,231,120,111
060190031025,344,141,203
060190031031,218,115,103
060190031032,219,114,105
060190031033,202,100,102
060190031034,244,102,142
060190031035,192,79,113
060190031041,290,102,188
060190031042,564,240,324
060190032011,306,182,124
060190032012,405,229,176
060190032021,165,102,63
060190032022,177,112,65
060190032023,195,126,69
060190032024,112,75,37
060190033011,324,217,107
060190033012,208,142,66
060190033021,149,94,55
060190033022,156,99,57
060190033023,161,102,59
060190033024,161,104,57
060190034011,114,70,44
060190034012,122,81,41
060190034013,122,75,47
060190034021,118,73,45
060190034022,184,118,66
060190035001,118,80,38
060190035002,184,119,65
060190035003,433,304,129
060190035004,281,208,73
060190035005,159,105,54
060190036001,339,236,103
060190036002,265,184,81
060190036003,315,219,96
060190036004,377,261,116
060190036005,277,192,85
060190037011,240,150,90
060190037012,242,157,85
060190037021,271,171,100
060190037022,185,117,68
060190037023,104,65,39
060190037024,149,93,56
060190038041,346,183,163
060190038042,375,240,135
060190038043,445,283,162
060190038051,154,87,67
060190038052,262,146,116
060190038053,338,202,136
060190038071,188,102,86
060190038072,247,137,110
060190038081,347,166,181
060190038082,313,191,122
060190038083,225,134,91
060190038091,420,250,170
060190038092,369,221,148
060190038101,501,293,208
060190038102,391,210,181
060190038103,278,164,114
060190038111,532,297,235
060190038112,468,270,198
060190038113,634,346,288
060190038121,444,202,242
060190038122,221,77,144
060190039001,173,51,122
060190039002,162,49,113
060190039003,256,83,173
060190039004,255,29,226
060190039005,226,65,161
060190040031,280,123,157
060190040032,96,58,38
060190040033,550,220,330
060190040041,259,111,148
060190040042,552,238,314
060190040051,205,124,81
060190040052,236,147,89
060190040053,177,104,73
060190040061,517,286,231
060190041001,437,91,346
060190041002,220,143,77
060190042051,159,95,64
060190042052,195,116,79
060190042053,388,231,157
060190042054,209,125,84
060190042081,842,254,588
060190042082,915,378,537
060190042083,960,395,565
060190042101,318,167,151
060190042102,464,238,226
060190042111,530,277,253
060190042112,519,270,249
060190042113,664,355,309
060190042121,289,149,140
060190042122,698,405,293
060190042123,622,319,303
060190042124,145,84,61
060190042125,163,95,68
060190042126,435,226,209
060190042131,392,191,201
060190042132,653,297,356
060190042141,633,248,385
060190042142,469,184,285
060190042143,518,202,316
060190042144,551,262,289
060190042151,458,223,235
060190042152,638,310,328
060190042161,608,289,319
060190042162,521,273,248
060190042171,285,175,110
060190042172,202,109,93
060190042181,900,450,450
060190042182,860,412,448
060190042183,292,121,171
060190043011,789,235,554
060190043012,645,196,449
060190043013,849,291,558
060190043021,506,198,308
060190043022,540,222,318
060190043023,511,232,279
060190043024,493,192,301
060190043025,490,222,268
060190043031,704,274,430
060190043032,444,173,271
060190043033,1094,466,628
060190044041,369,176,193
060190044042,252,122,130
060190044051,424,181,243
060190044052,833,356,477
060190044053,393,167,226
060190044061,306,126,180
060190044062,530,218,312
060190044063,435,186,249
060190044064,349,149,200
060190044091,477,169,308
060190044092,437,161,276
060190044093,318,117,201
060190044101,404,167,237
060190044102,152,73,79
060190044111,418,189,229
060190045031,939,431,508
060190045032,1082,513,569
060190045041,333,163,170
060190045042,361,185,176
060190045043,275,129,146
060190045044,430,197,233
060190045051,574,305,269
060190045052,243,129,114
060190045053,264,140,124
060190045061,714,327,387
060190045062,810,409,401
060190046011,611,324,287
060190046012,391,212,179
060190046021,438,181,257
060190046022,464,206,258
060190046023,344,170,174
060190047031,305,196,109
060190047032,163,106,57
060190047033,159,103,56
060190047041,301,190,111
060190047042,133,84,49
060190047043,102,65,37
060190047051,237,135,102
060190047052,219,125,94
060190047061,331,189,142
060190047062,99,57,42
060190047063,227,130,97
060190048011,310,183,127
060190048012,179,105,74
060190048013,104,65,39
060190048021,226,140,86
060190048022,187,111,76
060190048023,185,110,75
060190049011,491,313,178
060190049012,391,263,128
060190049021,227,125,102
060190049022,333,208,125
060190050001,214,119,95
060190050002,245,135,110
060190050003,543,283,260
060190051001,278,168,110
060190051002,221,134,87
060190051003,129,78,51
060190051004,88,53,35
060190051005,216,131,85
060190052021,196,108,88
060190052022,232,135,97
060190052031,335,178,157
060190052032,304,176,128
060190052041,257,141,116
060190052042,224,120,104
060190052043,210,115,95
060190053011,366,199,167
060190053012,365,198,167
060190053013,368,205,163
060190053021,364,224,140
060190053022,504,280,224
060190053041,260,158,102
060190053042,180,112,68
060190053043,353,216,137
060190053051,394,204,190
060190053052,366,220,146
060190054031,181,99,82
060190054032,162,88,74
060190054033,109,60,49
060190054051,434,213,221
060190054052,425,198,227
060190054053,486,227,259
060190054061,404,198,206
060190054062,342,157,185
060190054063,555,257,298
060190054071,447,168,279
060190054072,627,235,392
060190054081,90,63,27
060190054091,227,126,101
060190054092,406,233,173
060190054101,217,116,101
060190054102,537,285,252
060190055031,955,328,627
060190055032,1137,367,770
060190055033,601,195,406
060190055041,635,233,402
060190055042,591,194,397
060190055051,439,182,257
060190055052,608,251,357
060190055053,721,299,422
060190055054,501,208,293
060190055071,287,116,171
060190055072,623,251,372
060190055073,692,279,413
060190055074,532,215,317
060190055081,429,181,248
060190055082,616,260,356
060190055083,512,210,302
060190055084,438,185,253
060190055091,808,342,466
060190055092,218,100,118
060190055093,474,211,263
060190055121,1033,323,710
060190055122,1079,355,724
060190055131,640,197,443
060190055132,548,169,379
060190055141,548,177,371
060190055142,622,200,422
060190055143,424,148,276
060190055151,817,165,652
060190055161,712,287,425
060190055162,759,308,451
060190055163,514,208,306
060190055181,971,331,640
060190055182,1490,509,981
060190055201,778,242,536
060190055202,708,225,483
060190055221,847,243,604
060190055222,409,121,288
060190055223,647,201,446
060190055241,1156,374,782
060190055242,746,239,507
060190055251,792,178,614
060190055261,375,154,221
060190055271,618,256,362
060190055272,152,62,90
060190055273,508,208,300
060190055281,662,248,414
060190055291,676,223,453
060190055292,675,246,429
060190055293,1163,387,776
060190056021,447,163,284
060190056022,320,143,177
060190056023,318,124,194
060190056024,350,142,208
060190056051,616,255,361
060190056061,678,238,440
060190056062,816,287,529
060190056071,235,105,130
060190056072,247,109,138
060190056073,186,75,111
060190056074,167,75,92
060190056081,394,170,224
060190056082,362,150,212
060190057011,403,146,257
060190057012,249,91,158
060190057013,240,92,148
060190057014,182,82,100
060190057021,449,163,286
060190057022,595,193,402
060190057023,514,167,347
060190057024,604,194,410
060190057031,306,105,201
060190057032,711,214,497
060190057033,709,213,496
060190057034,454,155,299
060190057041,300,135,165
060190057042,539,185,354
060190057043,611,224,387
060190058011,675,262,413
060190058012,386,149,237
060190058013,349,126,223
060190058021,868,277,591
060190058022,1071,328,743
060190058041,290,118,172
060190058042,255,112,143
060190058043,570,219,351
060190058044,217,95,122
060190058045,259,113,146
060190058051,348,153,195
060190058052,1538,617,921
060190058053,548,236,312
060190059041,177,49,128
060190059042,829,328,501
060190059043,1107,318,789
060190059061,918,213,705
060190059071,1109,374,735
060190059111,1389,527,862
060190059112,1018,388,630
060190059121,3486,1142,2344
060190059122,708,155,553
060190059131,547,195,352
060190059132,458,163,295
060190059141,533,192,341
060190059142,992,349,643
060190059151,1095,277,818
060190059152,1029,231,798
060190059161,291,86,205
060190059162,817,209,608
060190060011,669,315,354
060190060012,381,193,188
060190060013,463,220,243
060190060021,150,81,69
060190060022,194,109,85
060190060023,353,175,178
060190060024,168,82,86
060190061011,412,198,214
060190061012,235,112,123
060190061021,248,129,119
060190061022,97,65,32
060190061023,215,103,112
060190061024,302,145,157
060190062011,104,69,35
060190062012,201,122,79
060190062021,312,137,175
060190062022,265,174,91
060190062023,237,142,95
060190062024,300,174,126
060190063011,235,114,121
060190063012,666,265,401
060190063013,282,80,202
060190063021,548,152,396
060190063022,303,72,231
060190064051,1195,244,951
060190064052,633,142,491
060190064053,564,115,449
060190064061,375,79,296
060190064062,555,112,443
060190064071,917,180,737
060190064072,252,47,205
060190064081,546,128,418
060190064091,50,12,38
060190064092,332,75,257
060190064093,57,14,43
060190064094,16,5,11
060190064095,120,31,89
060190064101,191,43,148
060190064102,685,171,514
060190064111,189,35,154
060190064112,611,156,455
060190064113,607,145,462
060190065011,100,66,34
060190065012,106,69,37
060190065013,175,79,96
060190065014,281,155,126
060190065021,182,119,63
060190065022,300,174,126
060190066021,163,88,75
060190066022,202,108,94
060190066023,205,110,95
060190066024,116,64,52
060190066031,189,89,100
060190066032,241,107,134
060190066051,337,136,201
060190066061,244,145,99
060190066062,167,101,66
060190066063,67,40,27
060190067001,650,191,459
060190067002,151,81,70
060190067003,427,128,299
060190067004,385,126,259
060190067005,316,98,218
060190068021,122,92,30
060190068022,166,45,121
060190068023,298,175,123
060190068024,73,53,20
060190069001,175,119,56
060190069002,136,56,80
060190069003,188,74,114
060190070021,260,113,147
060190070022,227,123,104
060190070023,207,108,99
060190070031,355,169,186
060190070032,343,165,178
060190070033,291,129,162
060190070034,289,151,138
060190070035,256,160,96
060190070041,354,143,211
060190070042,314,149,165
060190070043,214,75,139
060190070044,495,215,280
060190071011,153,102,51
060190071012,174,105,69
060190071013,171,76,95
060190071014,128,85,43
060190071021,214,113,101
060190072021,363,130,233
060190072022,224,73,151
060190072023,780,217,563
060190072031,1020,198,822
060190072041,602,104,498
060190072042,323,86,237
060190072043,378,73,305
060190072044,933,218,715
060190073001,182,59,123
060190073002,196,62,134
060190073003,182,44,138
060190073004,202,50,152
060190073005,184,53,131
060190074001,153,34,119
060190074002,162,41,121
060190074003,237,61,176
060190075001,151,52,99
060190075002,175,53,122
060190075003,166,42,124
060190075004,201,68,133
060190075005,282,94,188
060190076001,168,45,123
060190076002,119,35,84
060190076003,167,65,102
060190076004,264,84,180
060190077001,359,90,269
060190077002,176,50,126
060190077003,222,64,158
060190077004,92,34,58
060190078011,78,55,23
060190078012,178,116,62
060190078021,37,19,18
060190078022,34,26,8
060190078023,126,97,29
060190078024,102,83,19
060190079031,134,47,87
060190079032,532,285,247
060190080001,272,91,181
060190080002,264,87,177
060190080003,225,68,157
060190080004,276,92,184
060190081001,307,113,194
060190081002,256,110,146
060190081003,117,43,74
060190081004,336,128,208
060190082001,78,32,46
060190082002,94,42,52
060190082003,76,35,41
060190082004,111,85,26
060190082005,37,29,8
060190082006,74,32,42
060190082007,127,99,28
060190083011,99,66,33
060190083012,205,137,68
060190083013,152,100,52
060190083031,135,88,47
060190083032,141,93,48
060190083041,53,26,27
060190083042,48,21,27
060190083043,66,42,24
060190083044,119,80,39
060190084021,150,36,114
060190084022,55,18,37
060190084031,299,159,140
060190084041,122,77,45
060190084042,193,117,76
060190084043,73,46,27
060190084051,114,68,46
060190084052,162,85,77
060190084053,173,81,92
060190085011,134,51,83
060190085012,155,111,44
060190085013,189,135,54
060190085031,108,88,20
060190085032,331,235,96
060190085033,91,66,25
060190085041,200,146,54
060190085042,162,108,54
060190086001,221,117,104
060190086002,186,101,85
060190086003,172,86,86
060190086004,154,95,59
060210101011,233,76,157
060210101012,450,155,295
060210101013,375,108,267
060210101021,188,68,120
060210101022,563,145,418
060210101023,440,148,292
060210102001,307,58,249
060210102002,602,122,480
060210102003,262,53,209
060210102004,327,63,264
060210103001,214,19,195
060210103002,361,53,308
060210103003,234,30,204
060210104011,290,48,242
060210104012,229,46,183
060210104021,207,53,154
060210104022,385,105,280
060210104023,204,61,143
060210104024,139,60,79
060210104025,326,68,258
060210104026,246,65,181
060210104027,161,49,112
060210105011,200,118,82
060210105012,233,29,204
060210105013,227,73,154
060210105021,261,33,228
060210105022,266,24,242
060230001001,330,252,78
060230001002,318,241,77
060230001003,182,138,44
060230001004,217,164,53
060230002001,327,227,100
060230002002,346,233,113
060230002003,223,143,80
060230002004,351,246,105
060230002005,135,101,34
060230002006,277,208,69
060230003001,251,157,94
060230003002,196,123,73
060230003003,197,123,74
060230003004,660,405,255
060230003005,450,271,179
060230004001,512,278,234
060230004002,382,192,190
060230004003,368,229,139
060230005001,292,215,77
060230005002,304,204,100
060230005003,234,171,63
060230005004,271,207,64
060230006001,288,206,82
060230006002,408,268,140
060230006003,367,238,129
060230006004,527,369,158
060230006005,478,320,158
060230007001,520,326,194
060230007002,730,410,320
060230007003,573,315,258
060230007004,406,248,158
060230008001,536,314,222
060230008002,621,365,256
060230008003,743,452,291
060230009001,858,743,115
060230009002,631,504,127
060230009003,379,263,116
060230009004,619,427,192
060230010011,506,435,71
060230010012,472,412,60
060230010021,374,328,46
060230010022,101,87,14
060230010023,293,257,36
060230011021,571,415,156
060230011022,369,301,68
060230011023,705,589,116
060230011031,718,610,108
060230012001,686,561,125
060230012002,524,349,175
060230012003,469,346,123
060230013001,476,340,136
060230101021,334,187,147
060230101022,253,135,118
060230101023,40,32,8
060230101024,158,106,52
060230102001,383,298,85
060230102002,418,332,86
060230102003,269,206,63
060230102004,242,158,84
060230103001,425,282,143
060230103002,289,176,113
060230103003,306,213,93
060230103004,391,272,119
060230103005,200,118,82
060230104001,818,525,293
060230104002,768,480,288
060230105021,768,469,299
060230105022,722,419,303
060230105023,864,531,333
060230105031,643,426,217
060230105032,603,379,224
060230105041,904,575,329
060230105042,507,337,170
060230106001,648,368,280
060230106002,314,188,126
060230107011,398,201,197
060230107012,297,164,133
060230107013,299,167,132
060230107014,613,338,275
060230107021,190,104,86
060230107022,878,445,433
060230108001,413,199,214
060230108002,495,239,256
060230108003,371,164,207
060230108004,332,152,180
060230109011,380,162,218
060230109012,298,135,163
060230109013,712,280,432
060230109021,199,103,96
060230109022,350,119,231
060230109023,482,186,296
060230109024,614,205,409
060230110001,498,195,303
060230110002,732,268,464
060230110003,320,104,216
060230111001,321,108,213
060230111002,387,129,258
060230111003,353,119,234
060230111004,238,105,133
060230112001,461,220,241
060230112002,562,204,358
060230112003,511,215,296
060230115011,357,229,128
060230115012,197,151,46
060230115013,173,124,49
060230115021,640,428,212
060230116001,228,145,83
060230116002,201,120,81
060230116003,276,169,107
060230116004,223,142,81
060230116005,169,90,79
060230116006,256,136,120
060239400001,195,139,56
060239400002,141,100,41
060250101011,26,9,17
060250101021,178,79,99
060250101022,176,97,79
060250101023,213,119,94
060250101024,157,88,69
060250102001,177,89,88
060250102002,214,123,91
060250103001,183,43,140
060250104011,112,51,61
060250104012,344,176,168
060250104021,164,129,35
060250104022,167,129,38
060250104023,288,201,87
060250105001,176,77,99
060250105002,192,99,93
060250105003,261,137,124
060250105004,155,81,74
060250105005,452,220,232
060250106001,315,134,181
060250106002,312,134,178
060250106003,433,186,247
060250106004,326,139,187
060250106005,573,245,328
060250107001,209,162,47
060250107002,176,138,38
060250107003,211,130,81
060250108001,151,39,112
060250108002,307,69,238
060250109001,291,119,172
060250109002,330,166,164
060250109003,219,112,107
060250109004,251,137,114
060250109005,134,68,66
060250109006,111,56,55
060250110011,288,129,159
060250110012,411,190,221
060250110013,338,150,188
060250110021,148,69,79
060250110022,137,64,73
060250110023,356,168,188
060250110024,221,98,123
060250110025,973,409,564
060250110026,451,142,309
060250111001,163,51,112
060250111002,281,76,205
060250111003,220,125,95
060250112011,193,120,73
060250112012,493,211,282
060250112013,449,202,247
060250112014,476,245,231
060250112021,250,180,70
060250112022,142,103,39
060250112023,126,91,35
060250112024,143,104,39
060250113011,185,130,55
060250113012,184,136,48
060250113021,183,111,72
060250113031,547,338,209
060250113032,147,63,84
060250114001,176,128,48
060250114002,84,51,33
060250114003,284,197,87
060250115001,178,129,49
060250115002,150,100,50
060250115003,152,109,43
060250115004,220,140,80
060250116001,357,176,181
060250116002,226,147,79
060250116003,157,89,68
060250116004,283,176,107
060250117001,385,236,149
060250117002,309,149,160
060250117003,298,183,115
060250118011,470,252,218
060250118012,775,337,438
060250118021,233,131,102
060250118022,472,248,224
060250118023,498,255,243
060250118031,555,262,293
060250118032,399,229,170
060250118033,539,256,283
060250119011,62,38,24
060250119012,311,222,89
060250119021,240,186,54
060250119022,357,275,82
060250119031,336,236,100
060250119032,443,313,130
060250120011,249,193,56
060250120012,139,108,31
060250120031,490,353,137
060250120032,343,268,75
060250120041,479,363,116
060250120042,452,346,106
060250121011,298,233,65
060250121012,216,167,49
060250121021,176,136,40
060250121022,218,164,54
060250121023,128,99,29
060250122011,179,129,50
060250122012,255,193,62
060250122013,163,126,37
060250122021,149,115,34
060250122022,329,252,77
060250123011,49,24,25
060250123012,170,55,115
060250123021,102,37,65
060250123022,231,115,116
060250123023,231,100,131
060250124001,87,28,59
060250124002,30,15,15
060250124003,78,34,44
060259400001,74,42,32
060259400002,53,38,15
060259400003,61,41,20
060270001001,683,276,407
060270001002,640,258,382
060270002001,516,230,286
060270002002,339,119,220
060270003001,694,304,390
060270003002,788,247,541
060270004001,393,264,129
060270004002,574,294,280
060270004003,442,247,195
060270004004,262,159,103
060270005001,351,151,200
060270005002,795,360,435
060270008001,139,95,44
060270008002,219,78,141
060270008003,307,143,164
060270008004,335,157,178
060290001021,365,93,272
060290001022,372,92,280
060290001031,207,60,147
060290001032,164,47,117
060290001033,263,70,193
060290001041,337,83,254
060290001051,505,125,380
060290001052,603,152,451
060290001061,462,120,342
060290002011,171,48,123
060290002012,153,46,107
060290002013,132,42,90
060290002014,117,37,80
060290002021,130,45,85
060290002022,186,59,127
060290002023,253,79,174
060290003001,244,69,175
060290003002,182,53,129
060290003003,122,37,85
060290003004,115,31,84
060290004001,175,47,128
060290004002,161,52,109
060290004003,187,56,131
060290005041,874,143,731
060290005042,382,113,269
060290005043,232,76,156
060290005051,847,200,647
060290005052,900,184,716
060290005061,315,70,245
060290005062,157,48,109
060290005063,233,72,161
060290005071,924,207,717
060290005072,408,99,309
060290005081,388,62,326
060290005082,442,71,371
060290005091,507,68,439
060290005092,768,144,624
060290005101,472,116,356
060290005102,601,139,462
060290005103,309,81,228
060290006011,155,60,95
060290006012,326,133,193
060290006021,89,56,33
060290006022,101,70,31
060290006031,104,57,47
060290006032,65,38,27
060290007011,411,195,216
060290007012,247,129,118
060290007021,350,127,223
060290007022,483,203,280
060290008001,252,138,114
060290008002,205,112,93
060290008003,272,138,134
060290008004,192,97,95
060290008006,242,124,118
060290009021,444,195,249
060290009022,481,208,273
060290009031,577,254,323
060290009032,142,65,77
060290009033,294,126,168
060290009041,202,83,119
060290009042,292,132,160
060290009043,374,166,208
060290009051,280,134,146
060290009052,266,129,137
060290009061,258,138,120
060290009062,297,135,162
060290009063,109,58,51
060290009071,410,195,215
060290009081,293,109,184
060290009082,239,105,134
060290009083,383,151,232
060290009084,280,124,156
060290009085,174,69,105
060290009091,488,153,335
060290009092,573,196,377
060290009111,266,109,157
060290009112,352,144,208
060290009121,351,141,210
060290009122,328,128,200
060290009131,509,187,322
060290009132,558,191,367
060290009133,439,162,277
060290009141,447,175,272
060290009142,206,67,139
060290009143,615,199,416
060290010011,180,53,127
060290010012,425,163,262
060290010013,172,69,103
060290010021,214,118,96
060290010022,242,130,112
060290010031,170,90,80
060290010032,306,157,149
060290011011,185,108,77
060290011012,148,75,73
060290011013,152,85,67
060290011041,117,68,49
060290011042,137,81,56
060290011051,70,43,27
060290011052,133,81,52
060290011053,136,82,54
060290011061,132,83,49
060290011071,90,56,34
060290011072,98,63,35
060290012011,182,132,50
060290012012,94,67,27
060290012021,58,41,17
060290012022,118,82,36
060290012023,72,47,25
060290012024,39,28,11
060290013011,109,78,31
060290013012,84,57,27
060290013013,56,37,19
060290013014,43,28,15
060290013021,74,46,28
060290013022,62,43,19
060290014011,124,86,38
060290014012,102,70,32
060290014013,199,110,89
060290014021,111,75,36
060290014022,133,92,41
060290015001,101,66,35
060290015002,68,44,24
060290015003,76,50,26
060290016001,244,161,83
060290016002,178,104,74
060290017001,333,132,201
060290017002,333,132,201
060290017003,588,230,358
060290017004,190,78,112
060290018011,219,106,113
060290018012,121,57,64
060290018013,135,66,69
060290018014,281,133,148
060290018015,340,160,180
060290018031,397,130,267
060290018032,238,88,150
060290018033,201,74,127
060290018041,580,219,361
060290018042,194,86,108
060290019011,255,124,131
060290019012,241,110,131
060290019013,181,82,99
060290019014,168,84,84
060290019021,136,60,76
060290019022,146,78,68
060290019023,148,80,68
060290019024,342,181,161
060290020011,152,118,34
060290020012,189,144,45
060290020021,183,148,35
060290020022,189,131,58
060290021001,43,31,12
060290021002,66,47,19
060290021003,81,59,22
060290021004,64,46,18
060290022011,64,55,9
060290022012,65,57,8
060290022021,94,77,17
060290022022,72,60,12
060290022023,82,69,13
060290023021,113,81,32
060290023022,123,89,34
060290023031,115,65,50
060290023032,161,106,55
060290023033,195,97,98
060290023041,121,78,43
060290023042,122,79,43
060290023051,86,54,32
060290023052,173,112,61
060290024011,358,145,213
060290024021,174,87,87
060290024022,320,180,140
060290024031,193,77,116
060290024032,96,65,31
060290025011,101,78,23
060290025012,96,66,30
060290025013,150,117,33
060290025021,89,64,25
060290025031,124,104,20
060290025032,87,64,23
060290026001,106,67,39
060290026002,177,106,71
060290026003,134,88,46
060290027011,278,144,134
060290027012,132,70,62
060290027021,118,60,58
060290027022,189,94,95
060290027023,137,68,69
060290028041,744,219,525
060290028042,700,200,500
060290028062,374,140,234
060290028071,769,151,618
060290028072,299,81,218
060290028073,327,105,222
060290028074,482,147,335
060290028111,1006,238,768
060290028112,454,159,295
060290028113,394,140,254
060290028131,539,281,258
060290028132,71,40,31
060290028141,211,102,109
060290028142,144,78,66
060290028143,315,167,148
060290028151,194,90,104
060290028152,128,63,65
060290028153,210,97,113
060290028154,145,78,67
060290028161,174,83,91
060290028162,325,175,150
060290028163,176,84,92
060290028164,212,103,109
060290028171,252,110,142
060290028172,236,108,128
060290028173,194,83,111
060290028174,210,88,122
060290028181,685,222,463
060290028182,709,255,454
060290028191,506,207,299
060290028192,600,228,372
060290028201,488,195,293
060290028202,372,159,213
060290028203,402,132,270
060290028204,245,104,141
060290028205,314,133,181
060290028211,375,141,234
060290028212,329,116,213
060290028213,473,184,289
060290028221,584,179,405
060290028222,671,224,447
060290028223,360,119,241
060290028231,273,145,128
060290028232,342,114,228
060290028233,429,155,274
060290028241,75,47,28
060290028242,89,56,33
060290028243,106,66,40
060290028251,152,68,84
060290028252,243,112,131
060290029011,260,131,129
060290029012,207,104,103
060290029021,266,137,129
060290029022,335,168,167
060290030011,277,176,101
060290030012,167,95,72
060290030021,150,100,50
060290030022,91,53,38
060290031031,120,64,56
060290031032,262,165,97
060290031033,95,47,48
060290031121,388,164,224
060290031122,359,189,170
060290031123,285,145,140
060290031131,364,199,165
060290031132,260,147,113
060290031241,353,181,172
060290031242,504,243,261
060290031243,268,125,143
060290031244,215,100,115
060290031245,1,0,1
060290031251,213,135,78
060290031252,124,84,40
060290031261,166,104,62
060290031262,158,99,59
060290031263,182,117,65
060290031271,295,189,106
060290031272,148,95,53
060290031281,230,150,80
060290031282,364,218,146
060290031291,358,135,223
060290031292,385,151,234
060290031301,481,246,235
060290031302,487,261,226
060290031311,291,140,151
060290031312,2,0,2
060290031313,388,187,201
060290031321,322,144,178
060290031322,361,189,172
060290031331,323,105,218
060290031332,408,134,274
060290031341,678,333,345
060290031351,437,182,255
060290031352,378,155,223
060290031361,247,133,114
060290031371,196,129,67
060290031372,195,98,97
060290032031,885,206,679
060290032071,360,228,132
060290032072,302,182,120
060290032081,311,176,135
060290032082,217,128,89
060290032083,308,177,131
060290032091,377,187,190
060290032092,423,238,185
060290032101,708,374,334
060290032102,792,377,415
060290032111,437,242,195
060290032112,315,169,146
060290032121,906,290,616
060290032122,449,170,279
060290032123,503,173,330
060290032124,484,206,278
060290032131,887,278,609
060290032141,184,93,91
060290032142,194,65,129
060290032151,353,120,233
060290032152,297,130,167
060290032161,547,286,261
060290032171,330,189,141
060290032172,405,193,212
060290032181,528,308,220
060290032182,276,159,117
060290032183,377,172,205
060290032191,513,307,206
060290032192,738,342,396
060290032201,523,219,304
060290032202,522,225,297
060290032203,242,76,166
060290032211,345,144,201
060290032212,667,246,421
060290032213,613,250,363
060290032221,594,86,508
060290033031,352,58,294
060290033041,298,44,254
060290033042,245,22,223
060290033043,52,11,41
060290033051,460,149,311
060290033052,171,54,117
060290033053,418,134,284
060290033071,418,200,218
060290033072,378,178,200
060290033073,186,82,104
060290033081,291,95,196
060290033082,347,109,238
060290034001,197,28,169
060290034002,163,29,134
060290034003,179,33,146
060290035001,349,53,296
060290035002,231,35,196
060290035003,143,23,120
060290035004,454,46,408
060290035005,298,41,257
060290036001,62,14,48
060290036002,138,31,107
060290036003,223,29,194
060290036004,232,49,183
060290038061,694,205,489
060290038062,716,179,537
060290038063,456,133,323
060290038071,363,53,310
060290038072,271,62,209
060290038073,510,89,421
060290038081,584,151,433
060290038082,238,68,170
060290038083,518,153,365
060290038101,636,144,492
060290038102,625,125,500
060290038111,620,120,500
060290038112,339,56,283
060290038121,569,163,406
060290038122,448,178,270
060290038123,368,80,288
060290038141,589,142,447
060290038142,498,117,381
060290038143,963,213,750
060290038151,753,207,546
060290038152,444,125,319
060290038153,432,98,334
060290038161,382,95,287
060290038162,669,128,541
060290038171,543,128,415
060290038172,421,123,298
060290038173,586,162,424
060290038181,511,142,369
060290038182,531,119,412
060290038183,606,176,430
060290038191,484,126,358
060290038192,319,66,253
060290038193,382,80,302
060290038194,363,95,268
060290038201,561,99,462
060290038202,765,155,610
060290038203,400,134,266
060290038211,712,211,501
060290038212,736,186,550
060290038213,295,48,247
060290038221,573,157,416
060290038222,823,125,698
060290038231,861,108,753
060290038232,1035,129,906
060290038241,95,24,71
060290038242,773,100,673
060290038251,814,198,616
060290038261,393,55,338
060290038262,383,63,320
060290038263,712,120,592
060290038271,499,69,430
060290038272,405,58,347
060290039001,665,208,457
060290039002,122,25,97
060290040011,236,102,134
060290040012,187,105,82
060290040021,137,59,78
060290040022,432,194,238
060290041011,743,240,503
060290041012,145,50,95
060290041013,272,102,170
060290041021,198,104,94
060290041022,111,57,54
060290041023,287,127,160
060290043031,418,229,189
060290043032,175,104,71
060290043041,305,160,145
060290043051,232,87,145
060290044021,117,65,52
060290044022,64,41,23
060290044023,165,105,60
060290044031,208,99,109
060290044032,183,87,96
060290044041,331,114,217
060290044042,179,72,107
060290044043,262,123,139
060290045001,40,30,10
060290045002,141,53,88
060290046051,93,12,81
060290046052,400,236,164
060290046061,282,186,96
060290046062,0,0,0
060290046071,123,87,36
060290046072,204,147,57
060290046073,96,68,28
060290046074,159,113,46
060290047021,174,101,73
060290047022,89,51,38
060290047023,125,72,53
060290047031,302,175,127
060290047032,125,71,54
060290047041,257,169,88
060290047042,126,70,56
060290047043,234,132,102
060290048011,168,122,46
060290048012,126,95,31
060290048013,152,114,38
060290048021,172,117,55
060290048022,237,164,73
060290048023,222,153,69
060290049011,86,59,27
060290049012,204,137,67
060290049013,221,154,67
060290049031,217,134,83
060290049032,213,137,76
060290049033,172,102,70
060290049034,183,109,74
060290049041,269,177,92
060290049042,268,176,92
060290050031,261,145,116
060290050032,158,91,67
060290050051,148,89,59
060290050052,253,163,90
060290050061,360,200,160
060290050062,374,210,164
060290051031,628,140,488
060290051032,424,65,359
060290051041,686,187,499
060290051042,730,189,541
060290051043,456,144,312
060290051044,301,72,229
060290052031,555,166,389
060290052032,674,153,521
060290052033,259,70,189
060290052051,271,78,193
060290052052,464,125,339
060290052053,304,92,212
060290052061,309,67,242
060290052062,323,101,222
060290052063,271,75,196
060290052071,196,51,145
060290052072,451,177,274
060290052073,261,90,171
060290052081,252,92,160
060290052082,519,195,324
060290052083,531,97,434
060290053001,10,6,4
060290053002,230,96,134
060290054021,425,156,269
060290054022,605,184,421
060290054023,749,229,520
060290054051,157,60,97
060290054052,425,151,274
060290054061,308,122,186
060290054062,608,180,428
060290054063,486,173,313
060290054071,547,158,389
060290054072,684,190,494
060290054081,386,134,252
060290054082,482,159,323
060290054083,396,129,267
060290054084,181,63,118
060290054091,383,123,260
060290054092,673,216,457
060290054093,262,108,154
060290054101,431,123,308
060290054102,235,64,171
060290055081,352,149,203
060290055082,335,126,209
060290055083,324,149,175
060290055091,301,76,225
060290055092,299,75,224
060290055093,1203,317,886
060290055101,373,97,276
060290055102,406,110,296
060290055111,452,209,243
060290055112,155,69,86
060290055113,384,161,223
060290055121,517,222,295
060290055122,192,77,115
060290055131,434,138,296
060290055132,167,73,94
060290055141,249,62,187
060290055142,372,88,284
060290055143,311,63,248
060290056001,228,73,155
060290056002,292,93,199
060290057001,36,14,22
060290057002,0,0,0
060290058031,244,92,152
060290058032,366,141,225
060290058041,178,80,98
060290058042,81,33,48
060290058043,462,202,260
060290058051,423,150,273
060290058052,275,97,178
060290058061,434,161,273
060290058062,572,205,367
060290058063,239,94,145
060290059001,77,29,48
060290059002,131,54,77
060290059003,340,111,229
060290060031,623,131,492
060290060032,376,102,274
060290060033,548,132,416
060290060034,370,94,276
060290060041,418,85,333
060290060042,208,47,161
060290060061,834,192,642
060290060062,374,83,291
060290060063,611,132,479
060290060091,459,115,344
060290060092,1089,295,794
060290060101,1015,294,721
060290060102,1094,292,802
060290060111,987,227,760
060290060112,566,125,441
060290060121,566,111,455
060290060122,605,107,498
060290061011,463,141,322
060290061012,459,149,310
060290061013,242,92,150
060290061021,167,52,115
060290061022,440,100,340
060290061023,434,114,320
060290061024,536,180,356
060290062011,165,70,95
060290062012,179,51,128
060290062021,101,72,29
060290062022,119,57,62
060290062023,179,118,61
060290062024,154,108,46
060290063011,223,135,88
060290063012,156,94,62
060290063031,204,139,65
060290063032,108,72,36
060290063033,106,75,31
060290063041,126,90,36
060290063042,120,80,40
060290063043,60,42,18
060290064031,120,80,40
060290064032,85,58,27
060290064033,147,107,40
060290064034,72,54,18
060290064041,121,90,31
060290064042,109,84,25
060290064051,115,78,37
060290064052,132,97,35
060290064061,112,83,29
060290064062,116,85,31
060290064063,102,75,27
060290065001,279,74,205
060290065002,123,31,92
060290065003,179,48,131
060290066001,152,45,107
060290066002,221,77,144
060290066003,479,78,401
060310001001,280,32,248
060310001002,343,45,298
060310001003,471,68,403
060310002001,432,58,374
060310002002,243,35,208
060310004021,335,59,276
060310004022,623,177,446
060310004023,575,200,375
060310004031,379,122,257
060310004032,538,165,373
060310004033,190,60,130
060310004051,414,151,263
060310004052,218,71,147
060310004053,234,102,132
060310004054,279,120,159
060310004061,344,114,230
060310004062,286,99,187
060310004071,677,235,442
060310004072,431,139,292
060310004073,502,160,342
060310005001,368,51,317
060310005002,133,57,76
060310005003,401,171,230
060310005004,270,112,158
060310006021,498,142,356
060310006022,626,188,438
060310006023,412,118,294
060310006024,386,121,265
060310006031,1078,327,751
060310006041,596,192,404
060310006042,963,276,687
060310006043,637,196,441
060310007011,692,174,518
060310007012,503,154,349
060310007013,235,78,157
060310007014,436,101,335
060310007021,503,179,324
060310007022,597,218,379
060310008001,177,65,112
060310008002,454,169,285
060310008003,172,59,113
060310008004,131,62,69
060310009011,179,71,108
060310009012,216,85,131
060310009013,195,76,119
060310009014,310,115,195
060310009021,240,125,115
060310009022,82,47,35
060310009023,80,48,32
060310010011,270,113,157
060310010012,309,118,191
060310010013,858,278,580
060310010021,118,58,60
060310010022,200,118,82
060310010023,233,93,140
060310010031,413,204,209
060310010032,278,149,129
060310010033,422,211,211
060310011001,221,72,149
060310011002,238,140,98
060310011003,184,109,75
060310011004,162,74,88
060310012001,371,89,282
060310012002,275,55,220
060310013001,167,83,84
060310013002,334,130,204
060310014011,220,110,110
060310014012,122,59,63
060310014021,111,55,56
060310014022,152,76,76
060310015001,301,149,152
060310015002,119,59,60
060310015003,122,61,61
060310015004,99,49,50
060310016011,96,54,42
060310016012,262,113,149
060310016013,128,63,65
060310017021,207,130,77
060310017022,177,112,65
060310017031,209,124,85
060310017032,87,56,31
060319800001,83,36,47
060330001001,446,190,256
060330001002,328,124,204
060330001003,246,98,148
060330003001,587,224,363
060330003002,633,297,336
060330003003,261,133,128
060330004011,474,217,257
060330004012,335,163,172
060330004013,335,160,175
060330004021,351,180,171
060330004022,563,294,269
060330005011,384,194,190
060330005012,505,274,231
060330005021,446,231,215
060330005022,265,133,132
060330006011,340,167,173
060330006012,392,200,192
060330006021,252,140,112
060330006022,132,69,63
060330006023,305,137,168
060330007021,333,189,144
060330007022,326,160,166
060330007023,9,3,6
060330007031,238,136,102
060330007032,314,153,161
060330007041,275,162,113
060330007042,119,71,48
060330008011,291,167,124
060330008012,252,134,118
060330008021,211,105,106
060330008022,189,93,96
060330008023,214,110,104
060330008024,101,48,53
060330009011,559,291,268
060330009012,484,261,223
060330009021,701,371,330
060330009022,481,263,218
060330009023,454,218,236
060330010001,247,108,139
060330010002,251,119,132
060330010003,196,80,116
060330010004,339,133,206
060330010005,328,162,166
060330010006,311,142,169
060330011011,349,195,154
060330011012,388,173,215
060330011021,369,207,162
060330011022,331,180,151
060330012001,290,124,166
060330012002,277,113,164
060330012003,247,101,146
060330012004,342,167,175
060330013011,718,325,393
060330013012,617,286,331
060330013021,194,74,120
060330013022,273,120,153
060330013023,391,158,233
060330013024,387,176,211
060330013025,155,68,87
060350401001,238,20,218
060350401002,373,54,319
060350401003,98,20,78
060350402001,273,83,190
060350402002,281,88,193
060350402003,434,86,348
060350403021,478,53,425
060350403022,738,76,662
060350403023,675,99,576
060350403031,348,55,293
060350403032,332,61,271
060350403033,216,37,179
060350403041,272,57,215
060350403042,179,38,141
060350403051,706,117,589
060350403052,306,64,242
060350403053,460,99,361
060350404001,515,29,486
060350404002,57,7,50
060350405001,556,60,496
060350405002,881,99,782
060350406001,393,86,307
060350406002,45,12,33
060350406003,316,44,272
060371011101,471,277,194
060371011102,323,196,127
060371011103,273,151,122
060371011221,725,398,327
060371011222,475,271,204
060371012201,241,146,95
060371012202,400,239,161
060371012211,174,106,68
060371012212,316,192,124
060371012221,344,210,134
060371013001,405,220,185
060371013002,381,200,181
060371013003,311,163,148
060371013004,256,134,122
060371014001,212,119,93
060371014002,600,341,259
060371014003,452,257,195
060371021031,510,267,243
060371021041,663,388,275
060371021042,274,160,114
060371021051,196,135,61
060371021052,174,121,53
060371021071,742,349,393
060371021072,357,169,188
060371031011,582,310,272
060371031012,250,136,114
060371031021,261,144,117
060371031022,191,103,88
060371031023,302,163,139
060371031024,208,112,96
060371031025,286,155,131
060371032011,574,316,258
060371032012,544,298,246
060371032021,719,362,357
060371033001,743,319,424
060371033002,781,337,444
060371034011,767,438,329
060371034021,282,156,126
060371034022,257,142,115
060371034023,226,127,99
060371034024,329,185,144
060371041031,384,283,101
060371041032,401,296,105
060371041051,213,167,46
060371041052,299,235,64
060371041053,179,141,38
060371041081,188,148,40
060371041082,372,261,111
060371041083,187,147,40
060371041241,382,268,114
060371041242,438,309,129
060371041243,207,122,85
060371042011,168,138,30
060371042012,212,174,38
060371042013,178,145,33
060371042031,248,200,48
060371042032,255,205,50
060371042041,151,122,29
060371042042,277,202,75
060371043101,118,95,23
060371043102,208,169,39
060371043103,236,176,60
060371043211,137,111,26
060371043212,113,91,22
060371043213,110,86,24
060371043221,156,122,34
060371043222,101,83,18
060371044011,155,126,29
060371044012,216,169,47
060371044031,192,154,38
060371044032,160,126,34
060371044041,139,112,27
060371044042,174,136,38
060371045001,101,76,25
060371045002,244,200,44
060371046101,196,149,47
060371046102,129,98,31
060371046201,137,103,34
060371046202,221,168,53
060371047011,132,104,28
060371047012,189,146,43
060371047013,70,56,14
060371047031,99,74,25
060371047032,144,107,37
060371047041,255,195,60
060371047042,141,105,36
060371047043,105,81,24
060371048211,291,205,86
060371048212,129,106,23
060371048221,283,213,70
060371048231,271,198,73
060371048232,141,107,34
060371048241,115,87,28
060371048242,174,129,45
060371060101,402,241,161
060371060102,505,303,202
060371060201,474,285,189
060371060202,378,227,151
060371060203,395,239,156
060371061111,456,279,177
060371061112,805,482,323
060371061121,489,307,182
060371061122,440,286,154
060371061123,388,257,131
060371061131,473,323,150
060371061132,388,260,128
060371061141,265,195,70
060371061142,218,164,54
060371061143,373,275,98
060371064031,217,149,68
060371064032,185,128,57
060371064033,221,151,70
060371064051,204,139,65
060371064052,241,163,78
060371064053,184,125,59
060371064061,910,571,339
060371064062,217,139,78
060371064063,234,150,84
060371064071,176,134,42
060371064072,100,76,24
060371064081,255,194,61
060371064082,46,35,11
060371065101,340,206,134
060371065102,424,258,166
060371065103,421,258,163
060371065201,403,267,136
060371065202,385,241,144
060371065203,249,165,84
060371066031,567,322,245
060371066032,567,321,246
060371066041,300,217,83
060371066042,216,157,59
060371066043,224,162,62
060371066411,849,456,393
060371066421,404,211,193
060371066422,399,214,185
060371066423,364,195,169
060371066431,916,483,433
060371066432,355,188,167
060371066433,315,168,147
060371066451,457,250,207
060371066452,797,428,369
060371066461,613,346,267
060371066462,423,254,169
060371066481,496,369,127
060371066482,100,75,25
060371066491,284,205,79
060371066492,361,260,101
060371070101,221,148,73
060371070102,295,204,91
060371070201,145,102,43
060371070202,195,131,64
060371070203,258,187,71
060371070204,208,142,66
060371081011,881,454,427
060371081021,421,218,203
060371081022,350,180,170
060371081023,660,340,320
060371081031,726,385,341
060371081032,581,297,284
060371081041,705,363,342
060371082021,820,487,333
060371082022,1172,660,512
060371082023,744,438,306
060371082031,845,491,354
060371082032,452,263,189
060371082041,691,401,290
060371091001,299,198,101
060371091002,369,245,124
060371092001,243,146,97
060371092002,342,204,138
060371092003,284,170,114
060371093001,242,147,95
060371093002,423,257,166
060371093003,259,155,104
060371094001,283,186,97
060371094002,254,167,87
060371094003,261,171,90
060371095001,179,132,47
060371095002,299,222,77
060371095003,238,171,67
060371096011,268,168,100
060371096012,258,157,101
060371096013,230,160,70
060371096014,331,221,110
060371096031,312,218,94
060371096032,309,199,110
060371096033,315,211,104
060371096041,191,123,68
060371096042,233,150,83
060371096043,277,179,98
060371097001,416,282,134
060371097002,581,388,193
060371097003,319,214,105
060371098001,335,189,146
060371098002,265,167,98
060371098003,355,202,153
060371098004,321,203,118
060371111001,428,283,145
060371111002,479,316,163
060371112011,382,208,174
060371112012,549,299,250
060371112013,299,168,131
060371112021,437,247,190
060371112022,565,323,242
060371112023,707,400,307
060371112041,1079,620,459
060371112042,820,478,342
060371112043,719,405,314
060371112051,465,305,160
060371112052,184,121,63
060371112053,282,186,96
060371112061,330,197,133
060371112062,369,220,149
060371112063,395,237,158
060371112064,328,197,131
060371112065,341,204,137
060371113021,456,275,181
060371113022,271,166,105
060371113023,440,256,184
060371113024,172,113,59
060371113031,539,326,213
060371113032,822,478,344
060371113041,345,211,134
060371113042,290,190,100
060371114011,654,399,255
060371114021,319,205,114
060371114022,563,349,214
060371114023,291,188,103
060371131011,667,355,312
060371131012,783,412,371
060371131021,760,392,368
060371131022,613,317,296
060371132111,719,403,316
060371132112,909,520,389
060371132121,472,260,212
060371132122,596,324,272
060371132131,937,554,383
060371132132,436,287,149
060371132311,400,230,170
060371132312,550,321,229
060371132321,1041,606,435
060371132322,697,407,290
060371132341,237,165,72
060371132342,229,148,81
060371132343,153,99,54
060371132344,185,117,68
060371132351,596,332,264
060371132371,941,551,390
060371132372,484,277,207
060371132381,194,130,64
060371132382,303,204,99
060371132383,175,119,56
060371132391,150,101,49
060371132392,170,114,56
060371133011,307,176,131
060371133012,990,647,343
060371133031,834,523,311
060371133032,616,361,255
060371133221,796,456,340
060371133222,812,460,352
060371133231,478,317,161
060371133232,358,237,121
060371133241,382,253,129
060371134231,294,175,119
060371134232,397,235,162
060371134241,620,412,208
060371134242,355,231,124
060371134251,172,120,52
060371134252,322,225,97
060371134261,633,387,246
060371134271,292,193,99
060371134272,177,123,54
060371134281,271,172,99
060371134282,325,198,127
060371134283,332,200,132
060371151011,783,471,312
060371151012,909,544,365
060371151013,442,255,187
060371151031,83,58,25
060371151041,340,209,131
060371151042,143,101,42
060371151043,189,134,55
060371151044,207,146,61
060371152021,389,267,122
060371152022,522,351,171
060371152023,317,216,101
060371152031,425,300,125
060371152032,134,95,39
060371152041,511,346,165
060371152042,546,366,180
060371153011,436,292,144
060371153012,296,201,95
060371153013,339,229,110
060371153014,155,103,52
060371153021,148,99,49
060371153022,153,102,51
060371153023,267,179,88
060371154011,306,176,130
060371154012,268,157,111
060371154013,467,270,197
060371154014,364,213,151
060371154031,268,183,85
060371154032,320,218,102
060371154041,232,154,78
060371154042,354,235,119
060371171011,385,276,109
060371171012,256,184,72
060371171013,142,101,41
060371171021,259,182,77
060371171022,345,241,104
060371172011,288,186,102
060371172012,143,106,37
060371172013,119,88,31
060371172021,492,325,167
060371172022,340,213,127
060371173011,501,318,183
060371173012,474,300,174
060371173013,344,219,125
060371173021,376,232,144
060371173022,372,229,143
060371173023,458,282,176
060371173024,500,308,192
060371173031,742,471,271
060371173032,319,204,115
060371174041,327,200,127
060371174042,277,170,107
060371174043,609,373,236
060371174051,117,86,31
060371174052,69,51,18
060371174071,50,35,15
060371174072,126,89,37
060371174081,255,184,71
060371175101,64,45,19
060371175102,131,93,38
060371175103,52,37,15
060371175201,179,128,51
060371175202,78,56,22
060371175301,56,40,16
060371175302,161,116,45
060371175303,198,141,57
060371175304,119,85,34
060371190011,427,290,137
060371190012,405,273,132
060371190031,174,132,42
060371190032,191,142,49
060371190033,195,148,47
060371190041,170,120,50
060371190042,253,188,65
060371192011,194,133,61
060371192012,202,139,63
060371192013,291,217,74
060371192021,107,79,28
060371192022,210,157,53
060371192023,413,301,112
060371193101,325,240,85
060371193102,307,218,89
060371193201,177,127,50
060371193202,153,110,43
060371193203,232,167,65
060371193401,75,55,20
060371193402,146,106,40
060371193411,405,294,111
060371193421,219,159,60
060371193422,172,125,47
060371194001,234,174,60
060371194002,229,169,60
060371194003,409,280,129
060371197001,292,193,99
060371197002,331,224,107
060371197003,327,233,94
060371198011,183,135,48
060371198012,309,226,83
060371198021,321,234,87
060371198022,193,144,49
060371199001,262,182,80
060371199002,355,247,108
060371199003,343,241,102
060371200101,177,137,40
060371200102,212,162,50
060371200201,244,188,56
060371200202,151,117,34
060371200301,197,150,47
060371201031,67,49,18
060371201032,110,80,30
060371201041,230,163,67
060371201051,306,213,93
060371201052,190,132,58
060371201061,70,51,19
060371201062,69,50,19
060371201063,130,94,36
060371201071,92,67,25
060371201072,128,93,35
060371201081,227,166,61
060371201082,256,187,69
060371203001,200,137,63
060371203002,286,197,89
060371203003,268,184,84
060371203004,348,239,109
060371204001,383,252,131
060371204002,271,179,92
060371204003,309,213,96
060371210101,145,97,48
060371210102,251,172,79
060371210103,177,118,59
060371210104,207,148,59
060371210201,288,206,82
060371210202,316,213,103
060371211011,159,107,52
060371211012,189,133,56
060371211021,169,83,86
060371211022,208,90,118
060371211023,199,128,71
060371212101,310,216,94
060371212102,168,118,50
060371212211,131,93,38
060371212212,244,173,71
060371212221,142,99,43
060371212222,138,95,43
060371212223,264,183,81
060371216001,417,255,162
060371216002,223,140,83
060371218011,339,242,97
060371218012,157,111,46
060371218021,149,101,48
060371218022,318,222,96
060371219001,295,209,86
060371219002,305,214,91
060371220001,359,210,149
060371220002,350,204,146
060371220003,218,138,80
060371221201,316,244,72
060371221202,359,268,91
060371221211,196,151,45
060371221212,158,110,48
060371221221,101,67,34
060371221222,128,86,42
060371222001,295,211,84
060371222002,261,191,70
060371224101,282,207,75
060371224102,117,94,23
060371224201,221,167,54
060371224202,192,145,47
060371224203,166,125,41
060371230101,306,233,73
060371230102,201,154,47
060371230201,284,206,78
060371230202,199,145,54
060371231031,385,292,93
060371231032,461,349,112
060371231041,243,183,60
060371231042,293,219,74
060371231043,303,227,76
060371232031,138,110,28
060371232032,87,70,17
060371232033,106,84,22
060371232041,114,91,23
060371232042,243,190,53
060371232051,184,137,47
060371232052,110,83,27
060371232061,326,238,88
060371233011,567,376,191
060371233012,369,286,83
060371233031,161,106,55
060371233032,291,207,84
060371233041,326,231,95
060371233042,131,87,44
060371233043,202,134,68
060371234101,316,237,79
060371234102,185,139,46
060371234201,308,231,77
060371234202,155,107,48
060371234203,133,91,42
060371235101,421,318,103
060371235102,301,205,96
060371235201,471,322,149
060371236011,217,154,63
060371236012,480,342,138
060371236013,513,343,170
060371236021,389,295,94
060371236022,219,167,52
060371236023,326,245,81
060371237001,130,87,43
060371237002,257,183,74
060371237003,322,229,93
060371237004,250,175,75
060371238001,346,241,105
060371238002,676,442,234
060371238003,573,388,185
060371239011,462,376,86
060371239012,473,343,130
060371239021,423,334,89
060371239022,420,300,120
060371240001,388,243,145
060371240002,516,409,107
060371240003,567,448,119
060371240004,524,330,194
060371241021,242,190,52
060371241022,349,276,73
060371241023,310,245,65
060371241031,256,191,65
060371241041,272,212,60
060371241042,151,117,34
060371241051,188,146,42
060371241052,263,208,55
060371242011,319,245,74
060371242012,336,260,76
060371242013,169,128,41
060371242031,192,163,29
060371242032,316,244,72
060371242041,322,274,48
060371242042,253,214,39
060371243001,238,193,45
060371243002,296,241,55
060371243003,378,309,69
060371244001,338,221,117
060371244002,471,308,163
060371244003,564,301,263
060371245001,537,376,161
060371245002,586,443,143
060371246001,387,271,116
060371246002,434,341,93
060371246003,586,463,123
060371247001,457,320,137
060371247002,481,377,104
060371247003,710,559,151
060371247004,523,412,111
060371249021,517,410,107
060371249022,299,237,62
060371249031,726,535,191
060371249032,369,292,77
060371251011,523,422,101
060371251012,400,322,78
060371251013,412,332,80
060371251021,610,481,129
060371251022,359,287,72
060371252001,497,426,71
060371252002,477,382,95
060371252003,457,366,91
060371253101,331,274,57
060371253102,298,247,51
060371253103,211,180,31
060371253104,168,143,25
060371253105,172,146,26
060371253211,428,356,72
060371253212,386,320,66
060371253221,298,258,40
060371253222,332,288,44
060371254021,641,545,96
060371254022,318,261,57
060371254023,638,542,96
060371254031,299,257,42
060371254032,495,425,70
060371254041,848,730,118
060371255011,690,561,129
060371255012,570,463,107
060371255021,495,379,116
060371255022,574,474,100
060371255023,410,301,109
060371256001,398,322,76
060371256002,421,317,104
060371256003,403,297,106
060371271021,165,121,44
060371271022,181,132,49
060371271023,356,261,95
060371271031,442,345,97
060371271041,354,276,78
060371271042,246,182,64
060371272101,145,104,41
060371272102,283,204,79
060371272103,441,315,126
060371272201,179,127,52
060371272202,177,126,51
060371272203,375,268,107
060371273001,358,257,101
060371273002,286,207,79
060371274001,88,62,26
060371274002,305,218,87
060371274003,329,233,96
060371274004,154,109,45
060371275201,192,149,43
060371275202,128,99,29
060371276031,218,153,65
060371276032,170,119,51
060371276041,205,144,61
060371276042,277,193,84
060371276051,141,109,32
060371276052,311,240,71
060371276061,201,155,46
060371276062,375,288,87
060371277111,513,395,118
060371277112,181,143,38
060371277121,293,217,76
060371277122,244,180,64
060371278031,384,289,95
060371278032,394,295,99
060371278041,143,106,37
060371278042,346,256,90
060371278043,266,197,69
060371278051,117,90,27
060371278052,257,198,59
060371278053,167,134,33
060371278061,158,128,30
060371278062,190,146,44
060371278063,301,231,70
060371279101,245,178,67
060371279102,326,240,86
060371279201,329,238,91
060371279202,307,224,83
060371281011,447,331,116
060371281012,267,197,70
060371281021,199,150,49
060371281022,218,164,54
060371281023,151,112,39
060371282101,292,235,57
060371282102,175,141,34
060371282201,384,291,93
060371282202,294,218,76
060371283021,349,275,74
060371283022,194,154,40
060371283031,95,75,20
060371283032,232,183,49
060371284001,330,259,71
060371284002,351,274,77
060371284003,365,288,77
060371284004,407,321,86
060371285001,481,378,103
060371285002,371,291,80
060371285003,235,185,50
060371285004,399,314,85
060371286011,429,336,93
060371286012,359,270,89
060371286013,254,192,62
060371286021,445,340,105
060371286022,398,302,96
060371286023,625,438,187
060371287031,790,609,181
060371287032,426,327,99
060371287041,513,404,109
060371287042,668,526,142
060371288011,442,342,100
060371288012,721,558,163
060371288021,601,455,146
060371288022,550,420,130
060371288023,420,323,97
060371289101,510,376,134
060371289102,460,348,112
060371289103,545,401,144
060371310211,170,112,58
060371310212,238,157,81
060371310221,197,130,67
060371310222,290,191,99
060371310231,477,311,166
060371310241,277,200,77
060371310242,344,246,98
060371311001,510,347,163
060371311002,236,161,75
060371311003,314,213,101
060371312001,426,280,146
060371312002,426,279,147
060371312003,292,192,100
060371313001,373,263,110
060371313002,225,158,67
060371313003,491,347,144
060371314001,603,439,164
060371314002,254,186,68
060371314003,385,281,104
060371316001,386,253,133
060371316002,311,207,104
060371316003,245,164,81
060371316004,269,180,89
060371317011,567,390,177
060371317012,392,275,117
060371317021,571,396,175
060371317022,189,132,57
060371318011,446,328,118
060371318021,301,193,108
060371318022,235,152,83
060371319001,317,229,88
060371319002,344,248,96
060371319003,404,292,112
060371319004,279,201,78
060371320011,418,298,120
060371320012,327,233,94
060371320013,432,294,138
060371320021,288,196,92
060371320022,296,209,87
060371320023,444,301,143
060371321011,475,356,119
060371321012,236,182,54
060371321013,356,266,90
060371321021,110,78,32
060371321022,444,316,128
060371321023,731,545,186
060371323011,429,298,131
060371323012,188,134,54
060371323021,298,205,93
060371323022,277,193,84
060371325011,461,332,129
060371325012,325,221,104
060371325021,469,331,138
060371325022,325,222,103
060371327001,228,157,71
060371327002,384,272,112
060371327003,414,292,122
060371329001,456,302,154
060371329002,636,418,218
060371330001,332,225,107
060371330002,363,248,115
060371330003,313,212,101
060371331011,302,183,119
060371331012,290,180,110
060371331021,575,370,205
060371331022,230,138,92
060371340011,175,121,54
060371340012,265,182,83
060371340021,198,135,63
060371340022,341,225,116
060371341011,429,271,158
060371341012,690,450,240
060371341031,474,299,175
060371341032,601,370,231
060371341041,421,273,148
060371341042,446,289,157
060371342011,323,199,124
060371342012,333,204,129
060371342013,355,227,128
060371343021,286,166,120
060371343022,533,311,222
060371343023,479,279,200
060371343031,274,175,99
060371343032,311,199,112
060371343033,395,250,145
060371343034,541,336,205
060371343041,227,131,96
060371343042,619,356,263
060371343051,114,80,34
060371343052,87,61,26
060371343053,139,97,42
060371343061,233,163,70
060371343062,257,180,77
060371344211,553,330,223
060371344212,491,294,197
060371344213,730,448,282
060371344221,589,358,231
060371344222,1287,758,529
060371344231,703,394,309
060371344232,788,434,354
060371344241,832,478,354
060371344242,637,387,250
060371345201,209,144,65
060371345202,158,109,49
060371345203,231,160,71
060371345211,128,89,39
060371345212,82,57,25
060371345221,164,113,51
060371345222,154,106,48
060371345223,153,106,47
060371347101,390,251,139
060371347102,125,79,46
060371347103,158,100,58
060371347201,328,224,104
060371347202,396,266,130
060371347203,301,192,109
060371348011,438,293,145
060371348012,310,202,108
060371348021,363,248,115
060371348022,421,287,134
060371349011,346,224,122
060371349012,240,144,96
060371349013,379,229,150
060371349041,329,229,100
060371349042,185,126,59
060371349043,388,271,117
060371349051,823,595,228
060371349052,413,266,147
060371349061,211,148,63
060371349062,186,136,50
060371349071,332,243,89
060371349072,244,179,65
060371351021,424,262,162
060371351022,509,301,208
060371351023,401,240,161
060371351111,259,167,92
060371351112,434,268,166
060371351113,283,175,108
060371351131,260,177,83
060371351132,396,269,127
060371351151,389,265,124
060371351152,220,151,69
060371351161,173,126,47
060371351162,157,115,42
060371352011,611,368,243
060371352012,310,181,129
060371352021,433,262,171
060371352022,525,318,207
060371352023,691,424,267
060371352041,900,531,369
060371352042,373,232,141
060371352043,542,317,225
060371352051,632,408,224
060371352052,411,241,170
060371370001,890,561,329
060371370002,1178,748,430
060371371031,288,199,89
060371371032,331,229,102
060371371033,343,238,105
060371371034,385,267,118
060371371041,671,432,239
060371371042,326,210,116
060371372021,189,134,55
060371372022,348,245,103
060371372023,264,185,79
060371372031,310,199,111
060371372032,590,352,238
060371373011,1003,620,383
060371373021,750,478,272
060371373022,1259,772,487
060371374011,471,319,152
060371374012,625,421,204
060371374013,831,558,273
060371374021,980,660,320
060371374022,584,375,209
060371374023,616,395,221
060371375011,304,187,117
060371375012,623,380,243
060371375013,550,335,215
060371375021,336,227,109
060371375022,639,434,205
060371375023,719,487,232
060371375041,877,534,343
060371380001,958,648,310
060371380002,424,297,127
060371380003,800,558,242
060371390011,466,336,130
060371390012,634,457,177
060371390013,318,229,89
060371390014,354,255,99
060371392001,335,232,103
060371392002,298,206,92
060371392003,381,264,117
060371392004,566,368,198
060371393011,526,319,207
060371393012,359,218,141
060371393013,630,412,218
060371393021,360,246,114
060371393022,375,256,119
060371393023,135,92,43
060371393031,292,190,102
060371393032,248,161,87
060371393033,446,289,157
060371394011,264,156,108
060371394012,463,275,188
060371394021,518,299,219
060371394022,370,210,160
060371394023,231,137,94
060371395021,614,347,267
060371395022,468,279,189
060371395041,634,402,232
060371395042,304,193,111
060371395051,222,139,83
060371395052,305,188,117
060371395061,275,169,106
060371395062,357,220,137
060371396001,918,602,316
060371396002,625,408,217
060371396003,363,231,132
060371397011,359,242,117
060371397012,681,436,245
060371397013,500,316,184
060371397014,525,337,188
060371397015,299,193,106
060371397031,1189,677,512
060371397041,1221,722,499
060371397051,559,358,201
060371397052,547,349,198
060371397053,725,466,259
060371398011,627,355,272
060371398012,939,512,427
060371398021,818,468,350
060371398022,1006,570,436
060371411011,645,507,138
060371411012,559,444,115
060371411013,506,403,103
060371411021,384,298,86
060371411022,857,650,207
060371412011,678,525,153
060371412012,530,400,130
060371412013,308,229,79
060371412021,367,269,98
060371412022,564,416,148
060371412023,416,306,110
060371413031,610,471,139
060371413032,535,402,133
060371413041,730,540,190
060371413042,464,346,118
060371413051,471,364,107
060371413052,509,393,116
060371413061,500,368,132
060371413062,697,513,184
060371414001,641,436,205
060371414002,521,331,190
060371414003,835,566,269
060371415001,1557,990,567
060371416001,982,727,255
060371416002,522,388,134
060371416003,659,490,169
060371417001,383,290,93
060371417002,895,663,232
060371417003,352,261,91
060371431011,445,329,116
060371431012,633,467,166
060371431021,958,709,249
060371432001,690,541,149
060371432002,459,361,98
060371432003,561,447,114
060371433011,425,340,85
060371433012,888,703,185
060371433021,312,248,64
060371433022,702,559,143
060371433023,578,462,116
060371434011,1070,850,220
060371434012,427,335,92
060371434013,650,512,138
060371434021,629,498,131
060371434022,215,170,45
060371435001,557,437,120
060371435002,594,462,132
060371435003,746,591,155
060371435004,519,410,109
060371436021,473,377,96
060371436022,796,632,164
060371436023,750,593,157
060371436031,631,502,129
060371436032,346,276,70
060371436051,534,423,111
060371436061,498,397,101
060371437001,603,484,119
060371437002,612,445,167
060371437003,566,451,115
060371438011,834,636,198
060371438012,439,334,105
060371438021,421,322,99
060371438022,613,468,145
060371439011,547,411,136
060371439012,605,455,150
060371439013,969,728,241
060371439021,764,584,180
060371439022,697,529,168
060371810001,506,400,106
060371810002,598,455,143
060371810003,372,284,88
060371810004,668,527,141
060371810005,894,690,204
060371813001,475,368,107
060371813002,395,306,89
060371813003,616,497,119
060371814001,517,414,103
060371814002,419,334,85
060371814003,546,426,120
060371815001,490,390,100
060371815002,632,509,123
060371815003,501,403,98
060371816001,542,447,95
060371816002,557,460,97
060371831011,258,223,35
060371831012,463,397,66
060371831013,556,477,79
060371831031,517,435,82
060371831032,549,449,100
060371831041,726,592,134
060371832201,236,205,31
060371832202,390,338,52
060371832203,377,329,48
060371832211,235,205,30
060371832212,675,585,90
060371832221,346,280,66
060371832222,545,445,100
060371832223,463,395,68
060371833001,375,321,54
060371833002,269,231,38
060371833003,396,336,60
060371834011,473,406,67
060371834012,355,302,53
060371834021,354,297,57
060371834022,502,415,87
060371835101,375,319,56
060371835102,449,380,69
060371835201,395,350,45
060371835202,342,308,34
060371836101,242,204,38
060371836102,487,432,55
060371836201,666,584,82
060371836202,196,174,22
060371837011,326,290,36
060371837012,266,238,28
060371837013,273,244,29
060371837021,473,392,81
060371837022,430,355,75
060371838101,360,324,36
060371838102,440,393,47
060371838201,362,317,45
060371838202,325,291,34
060371851011,340,298,42
060371851012,561,489,72
060371851021,748,632,116
060371851022,667,590,77
060371852021,505,436,69
060371852022,469,416,53
060371852023,243,209,34
060371852031,333,290,43
060371852032,392,345,47
060371852041,550,469,81
060371852042,264,231,33
060371853101,364,313,51
060371853102,221,191,30
060371853201,327,283,44
060371853202,249,214,35
060371861001,399,314,85
060371861002,386,305,81
060371861003,718,581,137
060371861004,326,257,69
060371862011,347,285,62
060371862012,641,539,102
060371862021,293,246,47
060371862022,404,328,76
060371862031,859,720,139
060371862032,396,336,60
060371863011,221,181,40
060371863012,136,114,22
060371863013,168,140,28
060371863021,560,473,87
060371863022,774,661,113
060371863023,511,431,80
060371864011,363,303,60
060371864012,160,134,26
060371864031,302,248,54
060371864032,418,336,82
060371864041,289,248,41
060371864042,170,146,24
060371871011,582,490,92
060371871012,694,583,111
060371871021,436,368,68
060371871022,915,771,144
060371872001,405,341,64
060371872002,531,441,90
060371873001,837,753,84
060371873002,775,700,75
060371881001,591,492,99
060371881002,343,285,58
060371881003,415,345,70
060371882011,709,646,63
060371882012,471,432,39
060371882013,485,443,42
060371882021,500,401,99
060371882022,451,361,90
060371882023,341,274,67
060371883001,576,462,114
060371883002,516,414,102
060371883003,461,371,90
060371891011,482,424,58
060371891012,396,347,49
060371891013,342,300,42
060371891021,528,423,105
060371891022,540,479,61
060371891023,556,491,65
060371892011,699,618,81
060371892012,590,523,67
060371892021,471,378,93
060371892022,318,280,38
060371892023,468,414,54
060371893001,599,518,81
060371893002,560,443,117
060371893003,332,286,46
060371894001,701,587,114
060371894002,370,317,53
060371894003,656,557,99
060371895011,422,365,57
060371895012,560,480,80
060371895021,513,438,75
060371895022,466,401,65
060371896001,737,600,137
060371896002,415,343,72
060371896003,533,442,91
060371897021,398,323,75
060371897022,575,467,108
060371897031,391,324,67
060371897032,397,321,76
060371897041,419,337,82
060371897042,462,371,91
060371898011,599,473,126
060371898012,292,245,47
060371898021,464,388,76
060371898022,277,231,46
060371899031,370,292,78
060371899032,295,232,63
060371899041,421,332,89
060371899042,382,302,80
060371899051,267,214,53
060371899052,533,433,100
060371899061,466,380,86
060371899062,438,357,81
060371899071,424,346,78
060371899072,389,325,64
060371901011,251,206,45
060371901012,194,159,35
060371901021,352,293,59
060371901022,257,211,46
060371902011,404,313,91
060371902012,184,144,40
060371902021,264,216,48
060371902022,303,246,57
060371902023,268,219,49
060371903021,332,271,61
060371903022,356,291,65
060371903031,509,416,93
060371903032,178,146,32
060371904011,310,286,24
060371904012,332,293,39
060371904013,303,278,25
060371904021,477,423,54
060371904022,214,188,26
060371905101,559,462,97
060371905102,306,258,48
060371905201,241,196,45
060371905202,376,306,70
060371907011,259,197,62
060371907012,194,158,36
060371907021,181,155,26
060371907022,235,202,33
060371908011,255,207,48
060371908012,294,236,58
060371908021,336,288,48
060371908022,228,196,32
060371908023,178,152,26
060371909011,104,89,15
060371909012,265,227,38
060371909013,154,131,23
060371909021,306,265,41
060371909022,288,250,38
060371909023,146,126,20
060371910001,293,219,74
060371910002,418,351,67
060371910003,467,365,102
060371911101,382,308,74
060371911102,124,100,24
060371911201,391,314,77
060371911202,271,218,53
060371912011,349,228,121
060371912012,557,396,161
060371912031,307,248,59
060371912032,190,154,36
060371912041,397,322,75
060371913011,267,229,38
060371913012,291,247,44
060371913021,270,229,41
060371913022,279,243,36
060371914101,344,290,54
060371914102,474,399,75
060371914201,375,328,47
060371914202,193,169,24
060371915001,264,207,57
060371915002,281,220,61
060371915003,277,217,60
060371916101,375,316,59
060371916102,364,307,57
060371916201,434,351,83
060371917101,156,133,23
060371917102,276,237,39
060371917201,283,243,40
060371917202,204,175,29
060371918101,203,183,20
060371918102,204,177,27
060371918103,238,204,34
060371918201,465,396,69
060371918202,219,199,20
060371918203,159,139,20
060371919011,458,393,65
060371919012,661,569,92
060371919021,640,515,125
060371919022,642,529,113
060371920011,297,226,71
060371920012,619,466,153
060371920021,304,223,81
060371920022,292,216,76
060371920023,487,363,124
060371923001,458,376,82
060371923002,330,258,72
060371923003,427,332,95
060371924101,503,422,81
060371924102,413,347,66
060371924103,298,250,48
060371924104,413,347,66
060371924201,346,280,66
060371924202,521,422,99
060371925101,356,289,67
060371925102,360,293,67
060371925201,375,306,69
060371925202,265,216,49
060371926101,212,175,37
060371926102,125,104,21
060371926103,299,245,54
060371926201,213,174,39
060371926202,257,210,47
060371927001,314,276,38
060371927002,396,336,60
060371941011,424,344,80
060371941012,962,772,190
060371941021,630,474,156
060371941022,589,426,163
060371941023,366,264,102
060371942001,509,363,146
060371942002,468,397,71
060371942003,638,474,164
060371943001,410,290,120
060371943002,392,282,110
060371943003,539,451,88
060371944011,628,491,137
060371944012,399,329,70
060371944021,471,390,81
060371944022,463,384,79
060371944023,432,339,93
060371945001,411,347,64
060371945002,468,351,117
060371951001,664,596,68
060371951002,327,292,35
060371951003,687,622,65
060371951004,950,858,92
060371952011,917,821,96
060371952012,584,522,62
060371952021,535,478,57
060371952022,434,388,46
060371952023,607,544,63
060371953001,336,301,35
060371953002,345,309,36
060371953003,685,615,70
060371954001,476,431,45
060371954002,599,550,49
060371954003,476,435,41
060371954004,589,540,49
060371955001,820,745,75
060371955002,681,607,74
060371955003,451,403,48
060371955004,402,365,37
060371956001,225,198,27
060371956002,300,263,37
060371956003,235,207,28
060371956004,256,226,30
060371957101,376,321,55
060371957102,282,241,41
060371957103,203,167,36
060371957201,269,230,39
060371957202,351,300,51
060371958021,328,287,41
060371958022,309,252,57
060371958031,533,473,60
060371958032,372,331,41
060371958041,298,264,34
060371958042,490,436,54
060371959011,856,783,73
060371959021,388,355,33
060371959022,472,431,41
060371959031,451,401,50
060371959032,300,267,33
060371972001,406,321,85
060371972002,303,243,60
060371972003,200,158,42
060371973001,608,545,63
060371973002,311,279,32
060371973003,575,514,61
060371974101,614,549,65
060371974102,537,475,62
060371974103,413,365,48
060371974201,604,537,67
060371974202,615,549,66
060371975001,545,492,53
060371975002,362,333,29
060371975003,285,261,24
060371976001,181,159,22
060371976002,479,421,58
060371977001,550,484,66
060371977002,206,171,35
060371977003,317,260,57
060371990011,239,198,41
060371990021,205,177,28
060371990022,270,226,44
060371991101,240,201,39
060371991102,302,254,48
060371991201,275,221,54
060371991202,245,195,50
060371992011,159,134,25
060371992012,239,201,38
060371992013,186,155,31
060371992021,308,261,47
060371992022,331,279,52
060371993001,411,345,66
060371993002,669,566,103
060371994001,214,183,31
060371994002,265,229,36
060371994003,381,320,61
060371997001,338,284,54
060371997002,287,234,53
060371998011,213,176,37
060371998012,179,152,27
060371998021,129,105,24
060371998022,137,116,21
060371999001,159,132,27
060371999002,139,117,22
060372011101,252,205,47
060372011102,372,304,68
060372011201,351,278,73
060372011202,322,256,66
060372011203,189,149,40
060372012001,582,477,105
060372013011,502,415,87
060372013012,468,379,89
060372013021,380,315,65
060372013022,587,485,102
060372013023,418,349,69
060372014011,557,456,101
060372014012,414,338,76
060372014021,527,421,106
060372014022,238,191,47
060372014023,318,254,64
060372015011,217,172,45
060372015012,334,262,72
060372015013,184,145,39
060372015014,442,348,94
060372015031,297,235,62
060372015032,237,188,49
060372015041,455,364,91
060372016011,562,453,109
060372016021,229,182,47
060372016022,261,211,50
060372016023,214,173,41
060372017001,320,256,64
060372017002,444,355,89
060372017003,309,248,61
060372031001,106,84,22
060372031002,173,136,37
060372031003,184,145,39
060372032001,144,119,25
060372032002,264,220,44
060372032003,181,150,31
060372033001,205,160,45
060372035001,101,84,17
060372035002,163,136,27
060372035003,166,140,26
060372036011,149,122,27
060372036012,190,156,34
060372036021,282,232,50
060372037101,154,132,22
060372037102,211,177,34
060372037201,181,153,28
060372037202,202,172,30
060372038001,112,95,17
060372038002,144,122,22
060372038003,207,173,34
060372038004,139,118,21
060372039001,133,112,21
060372039002,294,245,49
060372041101,156,130,26
060372041102,110,92,18
060372041103,153,127,26
060372041201,177,146,31
060372041202,182,150,32
060372042001,155,134,21
060372042002,202,174,28
060372043001,253,213,40
060372043002,100,87,13
060372043003,229,196,33
060372044101,144,121,23
060372044102,136,115,21
060372044201,216,183,33
060372044202,116,99,17
060372046001,336,276,60
060372046002,208,177,31
060372047001,285,228,57
060372047002,244,197,47
060372047003,137,118,19
060372048101,308,256,52
060372048102,148,120,28
060372048103,204,166,38
060372048201,106,85,21
060372048202,157,130,27
060372049101,180,147,33
060372049102,220,178,42
060372049201,216,183,33
060372049202,137,107,30
060372051101,144,120,24
060372051102,83,71,12
060372051201,282,227,55
060372051202,106,90,16
060372060101,566,459,107
060372060102,283,228,55
060372060201,888,715,173
060372060501,406,348,58
060372060511,305,260,45
060372060512,282,243,39
060372060521,649,532,117
060372060531,174,145,29
060372060532,238,202,36
060372060541,413,340,73
060372062011,123,105,18
060372062012,303,248,55
060372062021,477,392,85
060372063011,146,114,32
060372063021,97,75,22
060372063022,103,82,21
060372063031,98,75,23
060372071011,310,242,68
060372071012,145,113,32
060372071021,494,386,108
060372071031,105,82,23
060372071032,188,145,43
060372073031,321,247,74
060372073032,195,150,45
060372073041,201,171,30
060372073042,220,188,32
060372073051,444,373,71
060372073061,292,241,51
060372073062,215,185,30
060372073071,259,221,38
060372073081,244,209,35
060372074001,222,165,57
060372075011,307,225,82
060372075012,190,139,51
060372075021,583,482,101
060372075022,528,393,135
060372077111,463,375,88
060372077121,659,507,152
060372077122,298,243,55
060372079011,386,311,75
060372079012,312,253,59
060372079021,848,684,164
060372079022,376,303,73
060372080011,352,293,59
060372080021,320,267,53
060372080022,318,266,52
060372083011,136,109,27
060372083021,148,129,19
060372083022,202,169,33
060372083023,323,268,55
060372084011,192,150,42
060372084012,281,220,61
060372084021,233,195,38
060372084022,303,252,51
060372085011,212,177,35
060372085012,261,215,46
060372085021,179,143,36
060372085022,170,135,35
060372085023,178,142,36
060372086101,333,270,63
060372086102,395,315,80
060372086201,222,180,42
060372086202,215,172,43
060372086203,248,199,49
060372087101,401,326,75
060372087102,289,234,55
060372087201,253,206,47
060372087202,189,154,35
060372088011,235,189,46
060372088012,134,108,26
060372088021,271,219,52
060372088022,203,163,40
060372089021,59,45,14
060372089022,40,30,10
060372089031,130,105,25
060372089032,98,79,19
060372089041,144,109,35
060372089042,90,68,22
060372091031,81,67,14
060372091032,130,108,22
060372091041,212,175,37
060372091051,150,118,32
060372091061,254,199,55
060372092011,377,295,82
060372092021,158,132,26
060372093001,221,174,47
060372093002,128,100,28
060372093003,127,99,28
060372094011,181,143,38
060372094012,167,132,35
060372094021,87,67,20
060372094022,64,49,15
060372094031,177,134,43
060372094032,107,81,26
060372095101,81,65,16
060372095102,145,115,30
060372095201,148,113,35
060372095202,74,58,16
060372098101,103,81,22
060372098102,73,57,16
060372098201,141,108,33
060372098202,105,81,24
060372100101,100,76,24
060372100102,86,66,20
060372100103,194,147,47
060372110001,455,365,90
060372110002,342,213,129
060372110003,361,239,122
060372110004,503,333,170
060372110005,514,360,154
060372111211,123,102,21
060372111212,260,216,44
060372111221,133,110,23
060372111222,243,201,42
060372111231,246,194,52
060372111241,175,136,39
060372111242,185,147,38
060372111243,249,196,53
060372112011,111,94,17
060372112012,223,188,35
060372112021,419,340,79
060372113101,171,145,26
060372113102,251,211,40
060372113201,176,143,33
060372113202,264,215,49
060372114101,346,272,74
060372114102,154,121,33
060372114201,338,285,53
060372114202,262,207,55
060372115001,358,284,74
060372115002,603,473,130
060372115003,568,455,113
060372117011,365,302,63
060372117012,427,340,87
060372117013,271,219,52
060372117031,378,299,79
060372117032,409,325,84
060372117041,251,197,54
060372117042,355,275,80
060372118021,350,279,71
060372118022,258,198,60
060372118023,170,131,39
060372118031,239,187,52
060372118032,305,241,64
060372118041,146,112,34
060372118042,305,233,72
060372119101,182,148,34
060372119102,203,161,42
060372119103,243,194,49
060372119211,292,235,57
060372119221,197,160,37
060372119222,239,191,48
060372121011,195,155,40
060372121012,267,212,55
060372121021,224,179,45
060372121022,272,217,55
060372122021,189,149,40
060372122022,98,77,21
060372122031,144,120,24
060372122032,161,127,34
060372122041,238,191,47
060372122042,124,97,27
060372123031,172,143,29
060372123032,266,220,46
060372123041,264,219,45
060372123051,271,213,58
060372123061,162,128,34
060372123062,189,150,39
060372124101,197,163,34
060372124102,201,167,34
060372124103,119,99,20
060372124201,187,148,39
060372124202,147,116,31
060372125011,352,282,70
060372125021,289,232,57
060372125022,256,205,51
060372126101,452,349,103
060372126102,370,280,90
060372126201,372,276,96
060372126202,287,219,68
060372127011,562,407,155
060372127021,554,431,123
060372127022,407,311,96
060372127023,255,197,58
060372128001,430,355,75
060372128002,267,220,47
060372128003,330,272,58
060372129001,269,208,61
060372129002,383,296,87
060372131001,196,150,46
060372131002,276,212,64
060372132011,167,133,34
060372132012,193,142,51
060372132013,180,141,39
060372132021,174,129,45
060372132022,246,182,64
060372133101,173,133,40
060372133102,206,154,52
060372133201,187,144,43
060372133202,148,114,34
060372134011,213,160,53
060372134012,115,90,25
060372134013,100,78,22
060372134021,222,174,48
060372134022,113,89,24
060372134023,277,217,60
060372140001,345,244,101
060372140002,454,252,202
060372140003,420,257,163
060372140004,404,246,158
060372141001,452,263,189
060372141002,522,303,219
060372141003,276,161,115
060372141004,581,338,243
060372144001,515,401,114
060372144002,435,332,103
060372144003,319,253,66
060372145011,177,146,31
060372145012,330,252,78
060372145013,301,251,50
060372145031,307,255,52
060372145032,200,167,33
060372145033,307,255,52
060372145041,503,428,75
060372145042,404,341,63
060372145051,423,359,64
060372146001,362,289,73
060372146002,286,228,58
060372146003,420,335,85
060372147001,398,303,95
060372147002,345,262,83
060372147003,401,304,97
060372148001,557,445,112
060372148002,324,259,65
060372148003,299,227,72
060372149021,299,204,95
060372149022,460,322,138
060372149031,246,156,90
060372149032,241,154,87
060372149041,364,248,116
060372149042,198,135,63
060372151011,576,496,80
060372151012,301,259,42
060372151021,418,360,58
060372151022,243,206,37
060372151023,398,338,60
060372161001,265,206,59
060372161002,457,411,46
060372161003,325,278,47
060372162011,447,363,84
060372162012,552,468,84
060372162021,625,561,64
060372162022,557,477,80
060372163011,635,489,146
060372163021,693,589,104
060372163022,797,617,180
060372164011,549,391,158
060372164012,326,223,103
060372164013,318,226,92
060372164021,411,283,128
060372164022,414,285,129
060372167001,539,473,66
060372167002,436,385,51
060372167003,464,405,59
060372168001,456,386,70
060372168002,434,370,64
060372168003,318,270,48
060372168004,423,358,65
060372169011,440,388,52
060372169012,366,320,46
060372169013,355,312,43
060372169021,298,267,31
060372169022,649,581,68
060372170011,469,262,207
060372170012,314,151,163
060372170013,199,95,104
060372170021,622,417,205
060372170022,486,338,148
060372170023,680,474,206
060372171011,283,251,32
060372171012,323,284,39
060372171021,445,395,50
060372171022,286,257,29
060372171023,389,348,41
060372172001,314,275,39
060372172002,188,165,23
060372172003,368,326,42
060372172004,374,337,37
060372181101,383,315,68
060372181102,272,240,32
060372181201,314,259,55
060372181202,164,139,25
060372181203,111,95,16
060372182101,143,125,18
060372182102,285,251,34
060372182103,209,182,27
060372182201,305,270,35
060372182202,534,463,71
060372182203,139,120,19
060372183001,275,242,33
060372183002,167,146,21
060372183003,179,157,22
060372183004,251,225,26
060372183005,368,321,47
060372184001,262,234,28
060372184002,278,246,32
060372184003,213,188,25
060372184004,220,195,25
060372185001,322,284,38
060372185002,371,327,44
060372186001,244,212,32
060372186002,193,169,24
060372186003,300,262,38
060372187011,250,218,32
060372187012,374,330,44
060372187021,245,219,26
060372187022,211,188,23
060372188001,224,193,31
060372188002,193,166,27
060372189001,423,373,50
060372189002,261,232,29
060372189003,414,370,44
060372190101,288,255,33
060372190102,315,282,33
060372190201,424,372,52
060372190202,363,316,47
060372190203,263,231,32
060372193001,208,187,21
060372193002,204,183,21
060372193003,318,288,30
060372195001,255,233,22
060372195002,356,323,33
060372197001,332,295,37
060372197002,215,192,23
060372197003,451,402,49
060372198001,155,137,18
060372198002,212,185,27
060372198003,185,163,22
060372199011,289,253,36
060372199012,238,208,30
060372199013,275,240,35
060372199021,379,330,49
060372199022,400,353,47
060372199023,152,133,19
060372200001,433,394,39
060372200002,345,315,30
060372200003,189,169,20
060372200004,206,184,22
060372200005,263,237,26
060372201001,243,213,30
060372201002,241,212,29
060372201003,248,218,30
060372211101,97,76,21
060372211102,179,142,37
060372211201,120,95,25
060372211202,154,123,31
060372212101,154,128,26
060372212102,303,249,54
060372212201,123,95,28
060372212202,251,194,57
060372213021,328,276,52
060372213022,254,212,42
060372213031,159,132,27
060372213032,110,92,18
060372213041,242,198,44
060372213042,144,120,24
060372214011,270,235,35
060372214012,411,358,53
060372214021,293,242,51
060372214022,171,145,26
060372215001,271,222,49
060372215002,183,150,33
060372216011,238,197,41
060372216012,205,171,34
060372216021,152,117,35
060372216022,182,155,27
060372217101,216,171,45
060372217102,115,91,24
060372218101,198,171,27
060372218102,98,84,14
060372218201,77,60,17
060372218202,161,123,38
060372219001,224,171,53
060372219002,111,96,15
060372220011,364,323,41
060372220012,376,334,42
060372220021,194,168,26
060372220022,170,148,22
060372220023,210,183,27
060372220024,248,215,33
060372221001,204,175,29
060372221002,230,204,26
060372221003,154,138,16
060372222001,362,310,52
060372222002,242,212,30
060372225001,178,151,27
060372225002,265,225,40
060372225003,210,177,33
060372226001,159,136,23
060372226002,258,220,38
060372226003,176,151,25
060372227001,59,51,8
060372240101,209,170,39
060372240102,218,175,43
060372240201,150,124,26
060372240202,111,90,21
060372242001,130,99,31
060372242002,129,101,28
060372243101,103,80,23
060372243102,71,57,14
060372243201,186,146,40
060372243202,104,83,21
060372244101,188,161,27
060372244102,203,176,27
060372244201,112,96,16
060372244202,123,106,17
060372246001,178,144,34
060372246002,128,102,26
060372247011,86,65,21
060372247021,91,68,23
060372260011,165,130,35
060372260021,257,214,43
060372260022,124,103,21
060372264101,136,117,19
060372264102,122,104,18
060372264201,118,101,17
060372264202,127,108,19
060372264203,167,139,28
060372267011,126,104,22
060372267012,111,92,19
060372267021,91,76,15
060372267022,87,73,14
060372270101,91,74,17
060372270102,116,95,21
060372270103,112,91,21
060372270201,146,120,26
060372270202,96,79,17
060372281001,94,77,17
060372281002,159,132,27
060372281003,102,84,18
060372282101,125,102,23
060372282102,178,146,32
060372282201,82,67,15
060372282202,97,80,17
060372282203,143,121,22
060372283101,121,100,21
060372283102,100,82,18
060372283103,113,94,19
060372283201,81,67,14
060372283202,142,120,22
060372284101,128,104,24
060372284102,115,93,22
060372284201,110,95,15
060372284202,106,91,15
060372285001,141,120,21
060372285002,142,117,25
060372285003,82,69,13
060372286001,181,155,26
060372286002,184,152,32
060372287101,180,148,32
060372287102,119,98,21
060372287201,78,64,14
060372287202,104,86,18
060372287203,127,105,22
060372288001,126,104,22
060372288002,139,115,24
060372288003,113,94,19
060372289001,130,109,21
060372289002,83,69,14
060372291001,193,161,32
060372291002,139,119,20
060372292001,141,117,24
060372292002,202,171,31
060372293001,147,119,28
060372293002,110,90,20
060372293003,105,86,19
060372294101,127,104,23
060372294102,111,92,19
060372294201,173,151,22
060372294202,167,137,30
060372311001,104,87,17
060372311002,100,86,14
060372312101,156,131,25
060372312102,249,208,41
060372312201,286,251,35
060372312202,160,140,20
060372313011,352,308,44
060372313021,129,114,15
060372313022,160,140,20
060372313023,169,149,20
060372314001,278,240,38
060372314002,229,196,33
060372314003,270,232,38
060372315001,324,265,59
060372315002,343,297,46
060372315003,350,302,48
060372316011,204,167,37
060372316012,187,153,34
060372316021,149,129,20
060372316022,183,158,25
060372316031,115,99,16
060372316032,148,127,21
060372317101,73,62,11
060372317102,139,119,20
060372317103,143,122,21
060372317201,284,230,54
060372317202,74,59,15
060372317203,159,129,30
060372318001,86,70,16
060372318002,61,49,12
060372318003,108,88,20
060372318004,90,74,16
060372319011,223,187,36
060372319021,111,91,20
060372319022,149,124,25
060372321101,129,109,20
060372321102,187,158,29
060372321201,104,88,16
060372321202,120,102,18
060372321203,198,167,31
060372322001,136,115,21
060372322002,143,119,24
060372322003,216,183,33
060372323001,276,230,46
060372323002,224,197,27
060372323003,179,151,28
060372324011,175,153,22
060372324012,239,209,30
060372324013,192,168,24
060372324021,208,183,25
060372324022,412,361,51
060372325001,227,193,34
060372325002,207,182,25
060372325003,183,163,20
060372325004,194,174,20
060372326011,274,233,41
060372326021,263,227,36
060372326022,262,222,40
060372327011,241,207,34
060372327021,330,280,50
060372327022,111,95,16
060372328001,148,124,24
060372328002,174,144,30
060372340011,304,281,23
060372340012,369,340,29
060372340013,290,267,23
060372340021,626,578,48
060372340022,332,307,25
060372342001,451,415,36
060372342002,292,272,20
060372342003,407,375,32
060372343011,317,298,19
060372343012,323,303,20
060372343021,560,520,40
060372343022,301,281,20
060372345011,310,280,30
060372345012,442,396,46
060372345021,220,201,19
060372345022,167,153,14
060372345023,253,232,21
060372346001,357,322,35
060372346002,235,213,22
060372346003,275,250,25
060372346004,609,565,44
060372347001,152,135,17
060372347002,169,152,17
060372347003,261,236,25
060372347004,205,188,17
060372348001,166,147,19
060372348002,199,178,21
060372348003,206,182,24
060372348004,227,201,26
060372349011,173,155,18
060372349012,264,239,25
060372349021,139,124,15
060372349022,324,299,25
060372349023,181,167,14
060372351001,434,402,32
060372351002,501,467,34
060372351003,497,464,33
060372351004,517,482,35
060372352011,228,203,25
060372352012,278,251,27
060372352013,306,272,34
060372352021,282,252,30
060372352022,469,431,38
060372352023,304,278,26
060372360011,889,814,75
060372360012,639,585,54
060372360013,418,384,34
060372360014,363,332,31
060372361011,392,355,37
060372361012,375,342,33
060372361021,310,286,24
060372361022,583,536,47
060372362031,356,325,31
060372362032,156,141,15
060372362041,264,239,25
060372362042,187,168,19
060372362051,465,429,36
060372362052,93,85,8
060372362061,219,201,18
060372362062,139,128,11
060372364001,511,473,38
060372364002,601,554,47
060372364003,532,490,42
060372371011,118,103,15
060372371012,88,76,12
060372371013,114,98,16
060372371014,107,91,16
060372371021,152,131,21
060372371022,193,165,28
060372372011,153,127,26
060372372012,180,150,30
060372372013,139,119,20
060372372021,160,134,26
060372372022,154,139,15
060372372023,161,137,24
060372372024,219,194,25
060372373001,227,206,21
060372373002,216,194,22
060372373003,310,279,31
060372373004,299,270,29
060372373005,172,150,22
060372374011,156,134,22
060372374012,168,148,20
060372374013,228,201,27
060372374021,229,201,28
060372374022,206,181,25
060372374023,211,188,23
060372375001,127,113,14
060372375002,132,117,15
060372376001,109,93,16
060372376002,118,100,18
060372376003,100,86,14
060372376004,83,71,12
060372377101,172,148,24
060372377102,164,147,17
060372377201,105,94,11
060372377202,115,102,13
060372378001,204,171,33
060372378002,215,182,33
060372378003,161,142,19
060372378004,304,275,29
060372379001,263,237,26
060372379002,323,292,31
060372379003,316,289,27
060372379004,269,243,26
060372380001,226,211,15
060372380002,305,281,24
060372380003,306,282,24
060372380004,252,234,18
060372380005,386,361,25
060372380006,394,366,28
060372381001,368,338,30
060372381002,315,295,20
060372381003,291,271,20
060372381004,325,302,23
060372382001,356,325,31
060372382002,226,207,19
060372382003,214,202,12
060372382004,342,314,28
060372383101,207,186,21
060372383102,279,251,28
060372383201,171,156,15
060372383202,87,75,12
060372383203,74,65,9
060372384001,323,294,29
060372384002,481,439,42
060372384003,331,300,31
060372384004,385,350,35
060372392011,102,88,14
060372392012,98,85,13
060372392013,67,58,9
060372392021,206,173,33
060372392022,76,66,10
060372392023,94,81,13
060372393101,94,79,15
060372393102,104,92,12
060372393103,99,87,12
060372393201,113,100,13
060372393202,134,115,19
060372393301,97,81,16
060372393302,140,117,23
060372395011,117,100,17
060372395012,103,82,21
060372395013,117,100,17
060372395021,110,94,16
060372395022,96,82,14
060372395023,98,84,14
060372396011,134,109,25
060372396012,153,125,28
060372396021,115,102,13
060372396022,147,122,25
060372397011,169,146,23
060372397012,140,117,23
060372397021,97,80,17
060372397022,79,66,13
060372397023,137,120,17
060372398011,103,90,13
060372398012,92,80,12
060372398013,90,80,10
060372398021,107,94,13
060372398022,106,93,13
060372398023,116,105,11
060372398024,103,92,11
060372400101,129,115,14
060372400102,174,150,24
060372400201,206,175,31
060372400202,177,150,27
060372400203,154,130,24
060372402001,83,70,13
060372402002,238,204,34
060372402003,188,158,30
060372403011,88,74,14
060372403012,163,141,22
060372403021,181,154,27
060372403022,87,73,14
060372404011,195,167,28
060372404012,177,155,22
060372404013,149,128,21
060372404021,187,160,27
060372404022,239,215,24
060372404023,180,162,18
060372405001,166,142,24
060372405002,130,111,19
060372405003,132,112,20
060372405004,136,118,18
060372406001,106,92,14
060372406002,89,76,13
060372406003,129,112,17
060372406004,123,107,16
060372407001,130,115,15
060372407002,127,108,19
060372407003,212,178,34
060372407004,166,141,25
060372407005,120,101,19
060372408001,132,115,17
060372408002,159,138,21
060372408003,144,125,19
060372409011,113,90,23
060372409012,131,105,26
060372409021,147,123,24
060372409022,128,107,21
060372410011,124,107,17
060372410012,123,108,15
060372410013,186,159,27
060372410021,209,179,30
060372410022,159,133,26
060372410023,204,171,33
060372411101,179,150,29
060372411102,88,74,14
060372411201,95,77,18
060372411202,124,101,23
060372411203,89,72,17
060372411204,77,63,14
060372412011,210,188,22
060372412012,153,139,14
060372412013,99,88,11
060372412021,177,159,18
060372412022,200,179,21
060372412023,131,117,14
060372412024,114,103,11
060372412025,148,133,15
060372413001,187,170,17
060372413002,232,211,21
060372414001,127,112,15
060372414002,207,183,24
060372420001,161,139,22
060372420002,159,142,17
060372420003,91,78,13
060372421001,134,115,19
060372422011,142,120,22
060372422012,123,104,19
060372422021,117,100,17
060372422022,109,93,16
060372423001,149,126,23
060372423002,110,94,16
060372423003,105,89,16
060372426001,82,74,8
060372426002,138,116,22
060372426003,91,80,11
060372427001,94,79,15
060372427002,179,157,22
060372427003,156,136,20
060372430011,134,117,17
060372430012,105,91,14
060372430021,109,95,14
060372430022,143,123,20
060372431001,177,154,23
060372431002,134,118,16
060372431003,82,72,10
060372611021,336,198,138
060372611022,612,344,268
060372611023,991,578,413
060372611031,935,755,180
060372611041,746,441,305
060372612001,1322,835,487
060372612002,760,457,303
060372621001,241,136,105
060372621002,338,193,145
060372621003,904,496,408
060372622001,549,341,208
060372622002,1207,612,595
060372622003,429,266,163
060372623011,1228,739,489
060372623021,653,433,220
060372623022,710,471,239
060372623031,746,492,254
060372623032,451,290,161
060372623033,519,337,182
060372624001,640,379,261
060372624002,1028,658,370
060372625011,529,371,158
060372625012,449,313,136
060372625013,1102,773,329
060372626011,607,369,238
060372626012,1417,860,557
060372626041,411,263,148
060372626042,752,487,265
060372626043,766,491,275
060372626044,457,314,143
060372626045,1030,659,371
060372627041,727,505,222
060372627042,1167,811,356
060372627061,950,598,352
060372627062,658,415,243
060372627063,430,270,160
060372628021,867,628,239
060372628022,439,318,121
060372628023,823,554,269
060372640001,544,321,223
060372640002,665,462,203
060372640003,505,326,179
060372641021,506,352,154
060372641022,723,519,204
060372641031,523,382,141
060372641032,451,330,121
060372643031,543,400,143
060372643032,502,370,132
060372643041,249,184,65
060372643042,653,481,172
060372643051,514,365,149
060372643052,705,496,209
060372643053,455,323,132
060372643061,898,639,259
060372651001,552,341,211
060372651002,615,374,241
060372652011,546,335,211
060372652012,248,151,97
060372652031,399,244,155
060372652032,323,226,97
060372652041,242,210,32
060372653011,211,183,28
060372653012,2,2,0
060372653031,219,190,29
060372653032,177,153,24
060372653033,216,187,29
060372653041,289,256,33
060372653042,148,128,20
060372653061,256,232,24
060372653071,216,189,27
060372653072,244,211,33
060372654101,349,254,95
060372654102,468,317,151
060372654201,405,253,152
060372654202,466,289,177
060372655211,228,171,57
060372655212,175,131,44
060372655221,251,189,62
060372655222,257,193,64
060372655231,401,297,104
060372655232,337,251,86
060372655241,255,190,65
060372655242,627,466,161
060372656011,502,344,158
060372656012,727,488,239
060372656021,502,331,171
060372656022,748,486,262
060372657011,839,557,282
060372657021,532,352,180
060372657022,363,241,122
060372657023,309,205,104
060372671011,844,615,229
060372671012,414,301,113
060372671021,419,309,110
060372671022,852,620,232
060372672011,307,236,71
060372672012,259,199,60
060372672013,460,356,104
060372672021,465,357,108
060372672022,478,368,110
060372672023,296,231,65
060372673001,336,277,59
060372673002,415,341,74
060372673003,411,349,62
060372674031,231,186,45
060372674032,326,263,63
060372674033,373,301,72
060372674041,263,209,54
060372674042,548,433,115
060372674051,389,314,75
060372674052,590,477,113
060372674061,621,494,127
060372675021,503,392,111
060372675022,551,430,121
060372675031,607,496,111
060372675041,581,472,109
060372675042,505,413,92
060372676001,438,351,87
060372676002,234,182,52
060372676003,321,252,69
060372677001,567,481,86
060372677002,643,520,123
060372678001,331,256,75
060372678002,375,290,85
060372678003,748,578,170
060372679011,587,384,203
060372679012,714,460,254
060372679021,530,397,133
060372679022,645,485,160
060372679023,497,373,124
060372690001,481,361,120
060372690002,487,368,119
060372690003,281,231,50
060372690004,779,389,390
060372690005,466,352,114
060372691001,621,351,270
060372691002,244,117,127
060372691003,382,190,192
060372691004,490,235,255
060372693001,447,342,105
060372693002,507,384,123
060372693003,468,358,110
060372693004,429,327,102
060372693005,376,287,89
060372695001,459,283,176
060372695002,363,233,130
060372695003,693,408,285
060372695004,535,306,229
060372696011,223,191,32
060372696012,222,185,37
060372696013,241,195,46
060372696021,411,333,78
060372696022,221,180,41
060372697001,424,363,61
060372697002,379,315,64
060372697003,290,212,78
060372697004,336,236,100
060372698001,467,394,73
060372698002,713,600,113
060372699031,413,354,59
060372699032,733,627,106
060372699051,403,353,50
060372699052,415,364,51
060372699061,406,355,51
060372699062,615,540,75
060372699071,509,443,66
060372699072,384,327,57
060372699081,288,247,41
060372699082,266,228,38
060372699091,199,171,28
060372699092,479,411,68
060372701011,289,251,38
060372701012,452,393,59
060372701021,320,278,42
060372701022,544,474,70
060372702001,277,235,42
060372702002,279,233,46
060372702003,351,294,57
060372703001,388,337,51
060372703002,512,446,66
060372711001,332,255,77
060372711002,310,237,73
060372711003,349,267,82
060372712001,443,364,79
060372712002,358,295,63
060372713001,355,282,73
060372713002,413,321,92
060372713003,664,517,147
060372713004,591,462,129
060372714001,355,265,90
060372714002,555,430,125
060372714003,903,699,204
060372715001,422,346,76
060372715002,316,247,69
060372715003,737,553,184
060372716001,370,303,67
060372716002,451,369,82
060372716003,421,344,77
060372716004,365,299,66
060372717021,578,481,97
060372717022,340,261,79
060372717023,336,280,56
060372717031,439,365,74
060372717032,418,346,72
060372717033,348,284,64
060372717041,336,265,71
060372717042,663,542,121
060372718011,267,224,43
060372718012,512,431,81
060372718013,156,131,25
060372718031,368,314,54
060372718032,562,478,84
060372718041,377,312,65
060372718042,434,365,69
060372719011,345,280,65
060372719012,482,391,91
060372719013,272,221,51
060372719021,375,306,69
060372719022,547,445,102
060372719023,758,616,142
060372721001,486,392,94
060372721002,378,307,71
060372721003,399,315,84
060372721004,439,343,96
060372721005,340,266,74
060372722011,435,365,70
060372722012,331,278,53
060372722021,356,298,58
060372722022,624,524,100
060372723011,330,256,74
060372723012,426,332,94
060372723013,362,282,80
060372723021,581,474,107
060372723022,528,423,105
060372731001,311,255,56
060372731002,805,663,142
060372731003,401,330,71
060372732001,244,209,35
060372732002,291,249,42
060372732003,260,221,39
060372732004,368,311,57
060372733001,603,505,98
060372733002,219,181,38
060372733003,360,302,58
060372734031,275,222,53
060372734032,201,160,41
060372734041,292,231,61
060372734042,245,195,50
060372735021,339,279,60
060372735022,350,288,62
060372735023,311,258,53
060372736001,244,205,39
060372736002,311,262,49
060372736003,420,353,67
060372737001,426,351,75
060372737002,349,291,58
060372737003,453,374,79
060372738001,644,529,115
060372738002,321,268,53
060372738003,227,191,36
060372739021,463,370,93
060372739022,421,335,86
060372739023,254,204,50
060372739024,385,309,76
060372739025,384,307,77
060372741001,326,228,98
060372741002,414,327,87
060372741003,387,271,116
060372741004,425,336,89
060372742021,988,716,272
060372742022,485,359,126
060372742023,369,271,98
060372742024,308,228,80
060372751011,407,301,106
060372751021,249,205,44
060372751022,208,170,38
060372751023,366,299,67
060372752001,373,310,63
060372752002,401,332,69
060372752003,379,315,64
060372753111,418,341,77
060372753112,525,431,94
060372753113,444,341,103
060372753114,613,468,145
060372753121,854,647,207
060372753131,857,642,215
060372753132,587,458,129
060372754001,506,395,111
060372754002,529,415,114
060372754003,730,572,158
060372755001,273,227,46
060372755002,267,212,55
060372755003,268,206,62
060372755004,493,396,97
060372756031,288,223,65
060372756032,387,299,88
060372756033,302,232,70
060372756041,639,508,131
060372756042,425,327,98
060372756043,2246,1730,516
060372756051,339,263,76
060372756052,447,341,106
060372760001,800,575,225
060372760002,544,387,157
060372760003,546,389,157
060372760004,563,396,167
060372760005,440,307,133
060372761011,447,385,62
060372761012,240,207,33
060372761021,741,640,101
060372761022,377,341,36
060372764001,466,320,146
060372764002,405,278,127
060372764003,395,270,125
060372764004,364,246,118
060372764005,381,269,112
060372765001,287,201,86
060372765002,186,131,55
060372765003,506,356,150
060372766011,519,343,176
060372766012,487,322,165
060372766013,566,385,181
060372766014,528,350,178
060372766051,614,469,145
060372766052,255,195,60
060372766061,685,523,162
060372766062,791,604,187
060372766071,364,274,90
060372766072,424,307,117
060372766081,535,388,147
060372770001,602,411,191
060372770002,551,378,173
060372770003,767,532,235
060372770004,410,283,127
060372770005,580,400,180
060372771001,467,331,136
060372771002,409,291,118
060372771003,482,353,129
060372772001,324,243,81
060372772002,248,186,62
060372774001,2,2,0
060372774002,1,1,0
060372780011,484,351,133
060372780012,608,410,198
060372781021,347,230,117
060372781022,595,395,200
060372781023,507,334,173
060372911101,403,366,37
060372911102,223,203,20
060372911201,245,220,25
060372911301,200,145,55
060372911302,332,263,69
060372911303,192,152,40
060372912101,214,150,64
060372912102,378,276,102
060372912103,197,144,53
060372912201,115,84,31
060372912202,280,202,78
060372912203,102,74,28
060372913001,301,180,121
060372913002,256,165,91
060372913003,292,174,118
060372920011,337,213,124
060372920012,213,136,77
060372920021,170,109,61
060372920022,177,113,64
060372932031,352,214,138
060372932032,147,90,57
060372932041,305,187,118
060372932042,237,151,86
060372932051,242,174,68
060372932052,191,136,55
060372932061,195,141,54
060372932062,223,160,63
060372933011,951,547,404
060372933021,709,428,281
060372933022,426,258,168
060372933041,406,248,158
060372933042,233,154,79
060372933061,276,155,121
060372933062,379,207,172
060372933071,219,147,72
060372933072,127,85,42
060372941101,304,202,102
060372941102,180,122,58
060372941103,188,130,58
060372941201,159,119,40
060372941202,150,113,37
060372942001,210,138,72
060372942002,332,222,110
060372942003,279,183,96
060372943011,271,167,104
060372943012,201,124,77
060372943021,225,167,58
060372943022,337,249,88
060372944101,255,184,71
060372944102,450,325,125
060372944211,269,144,125
060372944212,101,73,28
060372944213,118,85,33
060372945101,224,154,70
060372945102,239,164,75
060372945201,206,139,67
060372945202,203,136,67
060372946101,197,144,53
060372946102,329,230,99
060372946201,228,169,59
060372946202,155,116,39
060372946203,180,136,44
060372947011,85,59,26
060372947012,74,50,24
060372947013,113,79,34
060372948101,120,88,32
060372948102,100,73,27
060372948201,122,89,33
060372948202,76,55,21
060372948301,190,141,49
060372948302,117,88,29
060372949001,211,161,50
060372949002,183,137,46
060372951031,731,401,330
060372951032,664,378,286
060372951033,614,347,267
060372962101,159,109,50
060372962102,167,116,51
060372962201,79,55,24
060372962202,228,158,70
060372962203,322,229,93
060372963001,465,286,179
060372963002,199,126,73
060372963003,746,489,257
060372964011,858,484,374
060372964012,426,219,207
060372964021,418,265,153
060372964022,214,134,80
060372964023,336,212,124
060372965001,175,114,61
060372965002,395,251,144
060372965003,226,145,81
060372966001,203,136,67
060372966002,205,145,60
060372966003,197,105,92
060372966004,325,238,87
060372969011,284,192,92
060372969012,174,117,57
060372969013,324,193,131
060372969021,181,122,59
060372969022,306,185,121
060372969023,399,239,160
060372970011,453,246,207
060372970012,295,159,136
060372970021,440,249,191
060372970022,535,296,239
060372970023,330,198,132
060372971101,324,228,96
060372971102,324,228,96
060372971201,242,170,72
060372971202,305,208,97
060372972011,464,311,153
060372972012,340,226,114
060372972021,461,278,183
060372972022,449,275,174
060372972023,194,118,76
060372973001,201,121,80
060372973002,433,269,164
060372974001,414,217,197
060372974002,1212,634,578
060372974003,400,216,184
060372975011,304,173,131
060372975012,512,292,220
060372975013,364,207,157
060372975021,587,338,249
060372975022,335,191,144
060372976011,323,211,112
060372976012,243,157,86
060372976013,196,129,67
060372976021,229,151,78
060372976022,515,334,181
060372976023,434,282,152
060373001001,734,442,292
060373001002,477,288,189
060373001003,537,333,204
060373001004,703,437,266
060373002001,501,299,202
060373002002,355,220,135
060373002003,248,157,91
060373002004,246,155,91
060373002005,551,345,206
060373003011,590,333,257
060373003012,437,258,179
060373003013,333,192,141
060373003014,325,182,143
060373003015,270,164,106
060373003016,422,235,187
060373004001,387,214,173
060373004002,330,192,138
060373004003,376,212,164
060373004004,291,177,114
060373004005,249,148,101
060373004006,356,217,139
060373005011,560,336,224
060373005012,427,268,159
060373005031,572,349,223
060373005032,425,252,173
060373005033,476,290,186
060373006011,836,523,313
060373006012,582,349,233
060373006021,452,296,156
060373006022,306,200,106
060373006023,620,406,214
060373007011,257,166,91
060373007012,302,186,116
060373007013,408,250,158
060373007014,572,316,256
060373007015,705,400,305
060373007021,1197,749,448
060373007022,973,526,447
060373008001,669,427,242
060373008002,395,231,164
060373008003,576,335,241
060373008004,408,243,165
060373008005,190,105,85
060373009011,704,392,312
060373009012,479,290,189
060373009013,487,270,217
060373009014,669,374,295
060373009021,334,205,129
060373009022,523,323,200
060373010001,388,255,133
060373010002,418,276,142
060373010003,270,178,92
060373010004,394,261,133
060373011001,323,216,107
060373011002,291,198,93
060373011003,367,249,118
060373011004,196,140,56
060373011005,359,257,102
060373011006,409,286,123
060373012031,438,273,165
060373012032,599,380,219
060373012041,316,219,97
060373012042,296,211,85
060373012043,288,192,96
060373012051,251,158,93
060373012052,445,279,166
060373012061,329,217,112
060373012062,229,148,81
060373012063,257,163,94
060373012064,248,162,86
060373013001,344,200,144
060373013002,424,246,178
060373014001,324,191,133
060373014002,431,256,175
060373014003,250,147,103
060373014004,305,180,125
060373015011,180,126,54
060373015012,219,134,85
060373015021,304,216,88
060373015022,314,191,123
060373015023,258,157,101
060373015024,177,126,51
060373016011,225,153,72
060373016012,224,153,71
060373016013,231,156,75
060373016014,204,139,65
060373016021,573,432,141
060373016022,219,166,53
060373016023,306,231,75
060373017011,383,243,140
060373017012,437,278,159
060373017021,297,197,100
060373017022,257,176,81
060373017023,209,143,66
060373017024,211,145,66
060373018011,157,115,42
060373018012,542,361,181
060373018013,317,216,101
060373018021,544,391,153
060373018022,465,340,125
060373019011,533,358,175
060373019012,495,332,163
060373019021,318,214,104
060373019022,321,216,105
060373020021,206,146,60
060373020022,414,290,124
060373020023,124,84,40
060373020031,385,257,128
060373020032,155,104,51
060373020041,348,249,99
060373020042,314,212,102
060373021021,366,270,96
060373021022,232,163,69
060373021023,235,170,65
060373021024,247,181,66
060373021025,326,242,84
060373021031,239,171,68
060373021032,369,267,102
060373021033,268,185,83
060373021041,148,106,42
060373021042,225,166,59
060373021043,299,213,86
060373022011,144,97,47
060373022012,191,127,64
060373022013,355,248,107
060373022021,197,138,59
060373022022,278,195,83
060373022023,195,137,58
060373023011,277,194,83
060373023012,379,265,114
060373023021,199,156,43
060373023022,194,152,42
060373023023,151,118,33
060373023024,164,129,35
060373024011,197,140,57
060373024012,262,187,75
060373024013,287,218,69
060373024014,193,139,54
060373024015,90,67,23
060373025031,239,168,71
060373025032,206,150,56
060373025033,132,93,39
060373025041,449,335,114
060373025042,107,75,32
060373025043,103,78,25
060373025051,205,154,51
060373025052,83,63,20
060373025053,213,162,51
060373025061,93,70,23
060373025062,329,246,83
060373025063,267,198,69
060373101001,588,311,277
060373101002,555,274,281
060373101003,543,269,274
060373101004,538,283,255
060373102011,266,139,127
060373102012,546,336,210
060373102013,358,221,137
060373102014,596,414,182
060373102021,482,305,177
060373102022,643,451,192
060373102023,268,145,123
060373103001,275,166,109
060373103002,537,309,228
060373103003,333,193,140
060373104001,286,165,121
060373104002,433,274,159
060373104003,447,266,181
060373105011,402,298,104
060373105012,361,269,92
060373106011,385,289,96
060373106012,544,404,140
060373106013,371,278,93
060373106021,354,241,113
060373106022,496,298,198
060373107011,616,437,179
060373107031,592,421,171
060373107032,448,335,113
060373107041,477,343,134
060373107042,402,293,109
060373107043,346,253,93
060373107051,533,383,150
060373108001,276,193,83
060373108002,276,189,87
060373108003,441,312,129
060373108004,469,322,147
060373108005,570,390,180
060373109001,430,299,131
060373109002,621,421,200
060373109003,324,225,99
060373109004,491,332,159
060373109005,454,305,149
060373109006,443,298,145
060373110001,289,189,100
060373110002,545,354,191
060373110003,526,341,185
060373111001,567,368,199
060373111002,590,420,170
060373111003,373,265,108
060373112001,411,292,119
060373112002,434,307,127
060373112003,437,314,123
060373113001,281,182,99
060373113002,731,526,205
060373113003,653,469,184
060373114001,496,371,125
060373114002,618,461,157
060373115001,827,607,220
060373115002,830,609,221
060373115003,852,638,214
060373116011,588,432,156
060373116012,383,290,93
060373116021,519,395,124
060373116022,665,506,159
060373116023,309,235,74
060373116024,489,372,117
060373117001,698,491,207
060373117002,398,281,117
060373117003,320,226,94
060373117004,354,250,104
060373117005,351,248,103
060373117006,485,341,144
060373118011,382,281,101
060373118012,517,367,150
060373118021,450,330,120
060373118022,430,314,116
060373201011,385,268,117
060373201012,304,212,92
060373201021,335,227,108
060373201022,284,202,82
060373202011,135,101,34
060373202012,241,166,75
060373202013,163,113,50
060373202021,364,249,115
060373202022,289,197,92
060373202023,200,144,56
060373202024,217,162,55
060373203001,289,228,61
060373203002,227,181,46
060373203003,269,211,58
060373203004,278,208,70
060374002051,1423,799,624
060374002061,1217,665,552
060374002062,1172,707,465
060374002071,959,354,605
060374002072,555,241,314
060374002073,556,206,350
060374002081,755,321,434
060374002091,676,259,417
060374002092,779,333,446
060374002093,831,330,501
060374003041,538,239,299
060374003042,335,205,130
060374003043,452,212,240
060374003044,384,171,213
060374003045,468,207,261
060374004021,969,348,621
060374004022,755,325,430
060374004031,839,344,495
060374004032,690,294,396
060374004041,928,305,623
060374004042,438,141,297
060374004043,763,252,511
060374005011,1006,311,695
060374006021,324,184,140
060374006022,376,214,162
060374006023,310,190,120
060374006031,853,483,370
060374006032,342,195,147
060374006033,355,201,154
060374006051,338,192,146
060374006052,757,431,326
060374006053,605,357,248
060374008011,419,175,244
060374008012,627,313,314
060374008013,479,230,249
060374008014,445,197,248
060374010011,612,237,375
060374010012,440,171,269
060374010013,371,150,221
060374010021,508,228,280
060374010022,576,257,319
060374010023,426,196,230
060374011011,353,135,218
060374011012,309,159,150
060374011013,496,192,304
060374011014,405,205,200
060374011021,471,235,236
060374011022,323,162,161
060374011023,291,146,145
060374012011,640,301,339
060374012012,586,211,375
060374012021,532,225,307
060374012022,393,182,211
060374012023,625,290,335
060374012031,844,384,460
060374012032,825,398,427
060374013031,923,394,529
060374013041,1180,501,679
060374013042,352,154,198
060374013043,759,337,422
060374013111,678,251,427
060374013112,514,240,274
060374013113,424,191,233
060374013114,547,250,297
060374013121,879,374,505
060374013122,985,439,546
060374015001,710,373,337
060374015002,610,320,290
060374015003,274,143,131
060374016011,403,188,215
060374016012,1060,488,572
060374016013,658,303,355
060374016021,1046,511,535
060374016022,464,227,237
060374016023,434,220,214
060374017051,817,478,339
060374017052,507,298,209
060374017061,529,297,232
060374017062,449,276,173
060374017071,249,168,81
060374017072,334,237,97
060374017073,350,224,126
060374017074,637,428,209
060374018011,1068,725,343
060374018012,621,429,192
060374018021,500,295,205
060374018022,1463,886,577
060374019011,189,146,43
060374019012,109,93,16
060374019021,487,409,78
060374019022,925,702,223
060374019023,526,422,104
060374019024,679,516,163
060374020011,660,457,203
060374020012,366,246,120
060374020021,548,369,179
060374020022,360,269,91
060374020023,570,418,152
060374021011,371,267,104
060374021012,289,208,81
060374021013,269,189,80
060374021021,495,325,170
060374021022,391,259,132
060374022001,486,300,186
060374022002,559,324,235
060374022003,731,423,308
060374023011,343,232,111
060374023012,293,196,97
060374023031,155,106,49
060374023032,141,98,43
060374023033,217,151,66
060374023041,171,114,57
060374023042,98,68,30
060374024031,177,124,53
060374024032,436,285,151
060374024041,24,19,5
060374024051,130,99,31
060374024052,232,173,59
060374024061,108,71,37
060374024062,171,112,59
060374024063,286,188,98
060374025011,128,100,28
060374025012,246,186,60
060374025031,142,97,45
060374025032,227,154,73
060374025041,159,115,44
060374025042,144,105,39
060374026011,280,178,102
060374026012,187,122,65
060374026013,108,73,35
060374026021,129,88,41
060374026022,230,156,74
060374026023,458,295,163
060374027021,145,98,47
060374027022,103,71,32
060374027023,53,36,17
060374027024,165,112,53
060374027031,305,203,102
060374027032,433,286,147
060374027051,214,141,73
060374027052,393,272,121
060374027061,283,186,97
060374027062,168,117,51
060374027063,212,148,64
060374028011,99,76,23
060374028012,85,67,18
060374028013,96,76,20
060374028031,95,73,22
060374028032,189,129,60
060374028041,100,67,33
060374028042,95,64,31
060374028043,121,82,39
060374029021,208,147,61
060374029022,240,163,77
060374029023,197,129,68
060374029031,162,109,53
060374029032,358,251,107
060374029041,229,160,69
060374029042,239,157,82
060374030001,372,264,108
060374030002,190,134,56
060374030003,327,228,99
060374033051,529,273,256
060374033161,627,323,304
060374033162,808,431,377
060374033163,606,312,294
060374033171,782,438,344
060374033172,253,144,109
060374033173,575,342,233
060374033181,391,211,180
060374033182,504,273,231
060374033183,661,351,310
060374033184,389,211,178
060374033191,585,371,214
060374033192,490,292,198
060374033201,668,342,326
060374033202,954,492,462
060374033211,822,435,387
060374033212,515,285,230
060374033213,212,111,101
060374033231,433,242,191
060374033232,534,299,235
060374033233,363,202,161
060374033241,320,153,167
060374033242,366,182,184
060374033243,853,419,434
060374033244,284,143,141
060374033251,542,263,279
060374033252,788,378,410
060374033261,460,235,225
060374033262,194,99,95
060374033271,596,325,271
060374033272,296,162,134
060374033281,425,226,199
060374033282,470,233,237
060374033283,541,274,267
060374034011,388,205,183
060374034012,319,168,151
060374034013,701,398,303
060374034021,631,347,284
060374034022,369,203,166
060374034031,697,392,305
060374034032,459,252,207
060374034033,415,229,186
060374034041,318,176,142
060374034042,428,238,190
060374034071,288,159,129
060374034072,396,215,181
060374034081,261,150,111
060374034082,320,182,138
060374034083,567,318,249
060374034084,312,181,131
060374034085,459,269,190
060374034091,503,278,225
060374034092,742,396,346
060374035001,515,220,295
060374036011,264,158,106
060374036012,371,191,180
060374036013,705,315,390
060374036014,689,374,315
060374037021,636,312,324
060374037022,702,353,349
060374037031,560,241,319
060374037032,384,191,193
060374037033,361,178,183
060374037034,276,135,141
060374037211,297,173,124
060374037212,515,298,217
060374037213,338,193,145
060374037214,213,122,91
060374037221,422,247,175
060374037222,490,264,226
060374037223,326,189,137
060374038011,293,173,120
060374038012,531,294,237
060374038013,546,275,271
060374038021,510,253,257
060374038022,308,163,145
060374038023,691,363,328
060374039011,375,189,186
060374039012,231,111,120
060374039013,304,151,153
060374039021,251,111,140
060374039022,548,266,282
060374039023,476,229,247
060374040001,240,147,93
060374040002,237,146,91
060374040003,169,94,75
060374040004,276,162,114
060374041001,189,131,58
060374041002,205,141,64
060374041003,257,174,83
060374041004,141,97,44
060374042011,299,192,107
060374042012,394,250,144
060374042031,261,157,104
060374042032,337,189,148
060374043011,258,172,86
060374043012,201,133,68
060374043013,219,145,74
060374043014,143,95,48
060374043021,201,119,82
060374043022,148,88,60
060374044011,190,119,71
060374044012,265,165,100
060374044013,252,156,96
060374044021,298,176,122
060374044022,226,133,93
060374044023,162,96,66
060374044024,177,104,73
060374045011,76,53,23
060374045012,160,113,47
060374045031,413,297,116
060374045041,270,178,92
060374045042,256,172,84
060374046001,541,343,198
060374047011,383,268,115
060374047012,182,127,55
060374047013,275,192,83
060374047021,358,266,92
060374047022,253,191,62
060374047023,181,132,49
060374047031,207,146,61
060374047032,168,118,50
060374048041,286,197,89
060374048042,219,156,63
060374048043,131,95,36
060374048051,204,148,56
060374048052,152,110,42
060374048061,240,170,70
060374048062,292,201,91
060374048063,247,169,78
060374049011,186,140,46
060374049012,264,197,67
060374049013,298,215,83
060374049021,326,210,116
060374049022,339,217,122
060374049031,164,112,52
060374049032,295,196,99
060374050011,224,156,68
060374050012,261,183,78
060374050013,224,156,68
060374050014,251,183,68
060374050021,202,148,54
060374050022,206,150,56
060374051011,310,225,85
060374051012,230,162,68
060374051013,269,189,80
060374051021,378,272,106
060374051022,315,223,92
060374052011,224,141,83
060374052012,315,198,117
060374052013,233,146,87
060374052021,175,126,49
060374052022,255,178,77
060374052023,267,184,83
060374052031,267,184,83
060374052032,282,195,87
060374053011,284,169,115
060374053012,267,158,109
060374053021,351,206,145
060374053022,435,253,182
060374053023,388,228,160
060374054001,218,130,88
060374054002,289,173,116
060374054003,309,187,122
060374054004,219,132,87
060374055001,278,165,113
060374055002,371,221,150
060374055003,323,195,128
060374055004,205,125,80
060374055005,287,169,118
060374056001,381,225,156
060374056002,293,171,122
060374056003,208,120,88
060374056004,240,137,103
060374056005,313,166,147
060374057011,215,132,83
060374057012,173,101,72
060374057013,303,186,117
060374057021,476,297,179
060374057022,514,299,215
060374058001,362,231,131
060374058002,283,160,123
060374058003,545,317,228
060374059001,451,276,175
060374059002,492,311,181
060374060001,344,199,145
060374060002,450,262,188
060374060003,233,135,98
060374060004,321,177,144
060374061011,242,144,98
060374061012,310,180,130
060374061013,327,188,139
060374061031,423,255,168
060374061032,785,423,362
060374061033,354,188,166
060374061034,374,200,174
060374062011,257,174,83
060374062012,312,203,109
060374063001,682,335,347
060374063002,435,231,204
060374063003,547,256,291
060374064131,287,176,111
060374064132,299,170,129
060374064133,311,186,125
060374064134,447,261,186
060374064135,433,251,182
060374064136,229,122,107
060374065001,239,144,95
060374065002,499,301,198
060374065003,380,225,155
060374065004,397,240,157
060374066011,474,288,186
060374066012,490,299,191
060374066013,464,283,181
060374066021,389,223,166
060374066022,253,162,91
060374066023,322,192,130
060374067011,306,180,126
060374067012,450,265,185
060374067021,199,115,84
060374067022,197,108,89
060374067023,302,167,135
060374067024,392,216,176
060374068011,250,154,96
060374068012,463,288,175
060374068013,360,222,138
060374069031,58,44,14
060374069032,180,130,50
060374069033,296,216,80
060374069034,308,193,115
060374069035,187,135,52
060374069036,241,174,67
060374070011,158,120,38
060374070012,275,210,65
060374070013,310,235,75
060374070021,260,178,82
060374070022,282,194,88
060374071011,156,101,55
060374071012,308,210,98
060374071013,271,189,82
060374071021,249,175,74
060374071022,290,203,87
060374071023,214,150,64
060374072011,311,220,91
060374072012,218,154,64
060374072021,321,209,112
060374072022,307,216,91
060374073011,204,130,74
060374073012,214,152,62
060374073013,201,144,57
060374073014,189,127,62
060374073021,192,135,57
060374073022,197,138,59
060374073023,169,119,50
060374074001,492,321,171
060374075011,232,158,74
060374075012,96,68,28
060374075013,169,114,55
060374075014,134,91,43
060374075021,165,108,57
060374075022,225,140,85
060374075023,184,125,59
060374076011,205,142,63
060374076012,161,114,47
060374076013,138,97,41
060374076021,174,123,51
060374076022,179,128,51
060374076023,198,141,57
060374076024,163,115,48
060374077011,163,111,52
060374077012,282,189,93
060374077013,151,103,48
060374077021,252,169,83
060374077022,359,244,115
060374077023,197,134,63
060374077024,354,240,114
060374078011,217,150,67
060374078012,291,202,89
060374078013,215,149,66
060374078021,15,5,10
060374078022,262,181,81
060374078023,314,216,98
060374079011,232,157,75
060374079012,203,127,76
060374079013,206,130,76
060374079021,408,272,136
060374080031,440,264,176
060374080032,574,352,222
060374080041,494,308,186
060374080051,543,289,254
060374080052,502,276,226
060374080053,335,181,154
060374080061,569,361,208
060374081331,312,210,102
060374081332,302,204,98
060374081333,341,230,111
060374081341,721,466,255
060374081351,668,431,237
060374081352,248,167,81
060374081361,491,285,206
060374081362,371,234,137
060374081371,177,116,61
060374081372,291,164,127
060374081373,282,175,107
060374081381,245,180,65
060374081382,253,186,67
060374081383,175,135,40
060374081391,179,132,47
060374081392,248,183,65
060374081401,249,181,68
060374081402,118,84,34
060374081411,160,113,47
060374081412,264,188,76
060374081413,254,171,83
060374082121,505,273,232
060374082122,373,213,160
060374082131,260,151,109
060374082132,269,155,114
060374082133,180,105,75
060374083011,116,75,41
060374083012,352,225,127
060374083013,240,152,88
060374083014,138,85,53
060374083021,820,533,287
060374083031,932,639,293
060374083032,305,177,128
060374084011,474,301,173
060374084012,497,306,191
060374084021,358,222,136
060374084022,445,249,196
060374084023,844,501,343
060374085031,482,257,225
060374085032,350,188,162
060374085033,625,334,291
060374085034,504,260,244
060374085041,314,177,137
060374085042,478,259,219
060374085043,250,141,109
060374085051,366,205,161
060374085052,382,210,172
060374086231,712,391,321
060374086241,557,307,250
060374086242,282,156,126
060374086251,406,224,182
060374086252,379,210,169
060374086253,499,276,223
060374086261,214,128,86
060374086262,232,135,97
060374086263,460,242,218
060374086271,488,267,221
060374086272,273,152,121
060374086281,540,300,240
060374086282,425,234,191
060374086283,316,174,142
060374086291,416,233,183
060374086292,428,240,188
060374086311,367,210,157
060374086312,283,166,117
060374086313,380,223,157
060374087031,577,277,300
060374087032,589,302,287
060374087033,453,212,241
060374087051,227,139,88
060374087052,449,242,207
060374087053,444,230,214
060374087071,564,289,275
060374087072,420,189,231
060374087073,853,435,418
060374087221,453,237,216
060374087222,483,248,235
060374087241,159,100,59
060374087242,190,116,74
060374087243,91,46,45
060374087251,278,149,129
060374087252,466,255,211
060374087253,317,194,123
060374088001,86,63,23
060374088002,191,146,45
060374088003,78,64,14
060374089001,717,364,353
060374089002,589,298,291
060374089003,1018,462,556
060374090001,141,96,45
060374090002,261,143,118
060374090003,442,256,186
060374090004,178,124,54
060374091001,143,90,53
060374091002,247,156,91
060374091003,265,162,103
060374091004,341,192,149
060374300031,286,182,104
060374300032,1248,715,533
060374300033,255,165,90
060374300041,264,156,108
060374300042,374,227,147
060374300043,370,227,143
060374300051,405,261,144
060374300052,759,471,288
060374301011,567,369,198
060374301012,394,277,117
060374301013,279,183,96
060374301021,319,233,86
060374301022,250,177,73
060374301023,334,240,94
060374302001,443,213,230
060374303011,499,258,241
060374303013,631,328,303
060374303014,999,541,458
060374303021,380,242,138
060374303022,784,469,315
060374303023,393,241,152
060374303024,498,305,193
060374303025,418,264,154
060374304001,578,296,282
060374304002,282,144,138
060374304003,247,128,119
060374304004,424,218,206
060374305011,570,364,206
060374305012,558,359,199
060374305013,411,273,138
060374305014,664,441,223
060374305021,360,215,145
060374305022,850,518,332
060374305023,691,418,273
060374305024,299,191,108
060374305025,443,282,161
060374305026,719,459,260
060374306001,252,108,144
060374306002,710,337,373
060374306003,683,333,350
060374307011,321,164,157
060374307012,620,312,308
060374307013,351,177,174
060374307014,387,194,193
060374307211,270,141,129
060374307212,417,255,162
060374307213,236,123,113
060374307231,340,204,136
060374307232,481,293,188
060374307241,490,294,196
060374307242,441,269,172
060374308011,172,94,78
060374308012,467,266,201
060374308013,166,93,73
060374308014,326,186,140
060374308021,254,125,129
060374308022,357,180,177
060374308023,325,163,162
060374308024,337,170,167
060374308031,278,139,139
060374308032,440,218,222
060374308033,400,199,201
060374308034,338,164,174
060374308035,236,118,118
060374309011,440,295,145
060374309012,264,180,84
060374309013,404,274,130
060374309021,685,435,250
060374309022,257,168,89
060374309023,145,97,48
060374310021,626,382,244
060374310022,595,357,238
060374310031,343,219,124
060374310032,830,532,298
060374310041,417,283,134
060374310042,468,305,163
060374311001,450,298,152
060374311002,531,356,175
060374311003,381,256,125
060374311004,384,257,127
060374312001,267,198,69
060374312002,196,146,50
060374312003,166,124,42
060374312004,419,274,145
060374313001,299,164,135
060374313002,355,195,160
060374313003,192,120,72
060374314001,250,113,137
060374314002,252,132,120
060374314003,253,133,120
060374314004,270,146,124
060374315011,134,87,47
060374315012,371,237,134
060374315013,320,205,115
060374315021,256,131,125
060374315022,328,168,160
060374315023,216,113,103
060374315024,299,153,146
060374316001,391,200,191
060374316002,444,208,236
060374316003,225,103,122
060374317011,280,140,140
060374317012,290,145,145
060374317013,314,157,157
060374317014,255,132,123
060374317015,502,249,253
060374318001,434,235,199
060374318002,469,263,206
060374318003,248,138,110
060374319001,215,117,98
060374319002,283,153,130
060374319003,319,157,162
060374320011,354,202,152
060374320012,267,152,115
060374320021,471,253,218
060374320022,223,119,104
060374320023,226,121,105
060374320024,330,177,153
060374321011,355,187,168
060374321012,394,202,192
060374321013,301,163,138
060374321021,342,171,171
060374321022,303,149,154
060374321023,248,122,126
060374321024,178,88,90
060374321025,312,168,144
060374322011,266,173,93
060374322012,466,310,156
060374322021,250,172,78
060374322022,153,105,48
060374322023,300,206,94
060374323001,181,117,64
060374323002,273,176,97
060374323003,242,156,86
060374324011,230,149,81
060374324012,205,135,70
060374324021,336,227,109
060374324022,192,121,71
060374324023,232,151,81
060374325011,429,272,157
060374325012,362,231,131
060374325021,313,186,127
060374325022,311,185,126
060374326011,133,85,48
060374326012,243,154,89
060374326013,234,146,88
060374326014,280,176,104
060374326021,291,177,114
060374326022,220,141,79
060374326023,222,137,85
060374327001,310,224,86
060374327002,218,160,58
060374327003,184,133,51
060374328011,161,110,51
060374328012,71,49,22
060374328021,113,77,36
060374328022,93,60,33
060374328023,141,91,50
060374329011,310,196,114
060374329012,191,123,68
060374329013,138,91,47
060374329021,273,174,99
060374329022,245,155,90
060374331031,190,123,67
060374331032,209,128,81
060374331033,97,65,32
060374331034,184,110,74
060374332001,134,96,38
060374332002,112,82,30
060374332003,192,135,57
060374332004,303,209,94
060374333021,134,96,38
060374333041,190,125,65
060374333042,258,169,89
060374333051,211,151,60
060374333052,194,129,65
060374333061,182,125,57
060374333062,103,73,30
060374333071,193,137,56
060374333072,115,82,33
060374334021,123,93,30
060374334022,141,103,38
060374334031,155,106,49
060374334032,160,118,42
060374334033,63,46,17
060374335051,153,108,45
060374335052,110,76,34
060374335053,68,47,21
060374335061,148,108,40
060374335062,125,92,33
060374336011,287,187,100
060374336012,369,247,122
060374336021,330,227,103
060374338031,346,245,101
060374338032,343,242,101
060374338041,192,141,51
060374338042,114,74,40
060374338043,285,192,93
060374339011,196,143,53
060374339012,87,64,23
060374339013,92,68,24
060374339031,74,60,14
060374339032,52,38,14
060374339033,232,172,60
060374339034,202,149,53
060374340011,182,128,54
060374340012,251,181,70
060374340031,144,101,43
060374340032,152,107,45
060374340033,118,83,35
060374340041,411,277,134
060374341001,67,50,17
060374341002,229,169,60
060374341003,162,109,53
060374341004,153,113,40
060374341005,191,126,65
060374600011,763,463,300
060374600021,762,446,316
060374600022,699,410,289
060374601011,524,365,159
060374601012,1002,760,242
060374601013,562,451,111
060374601014,414,346,68
060374601015,817,567,250
060374602001,479,394,85
060374602002,434,356,78
060374602003,589,486,103
060374602004,377,316,61
060374602005,735,614,121
060374603011,482,396,86
060374603012,422,360,62
060374603013,344,298,46
060374603014,906,709,197
060374603021,394,331,63
060374603022,344,295,49
060374603023,491,428,63
060374603024,369,319,50
060374604011,394,329,65
060374605011,822,443,379
060374605012,451,260,191
060374605013,1188,739,449
060374605021,650,383,267
060374605022,618,365,253
060374605023,704,443,261
060374606011,636,342,294
060374606012,519,298,221
060374606013,771,427,344
060374606014,420,219,201
060374607001,362,181,181
060374607002,279,140,139
060374607003,380,190,190
060374607004,651,327,324
060374607005,761,399,362
060374608001,920,612,308
060374608002,813,515,298
060374609001,445,378,67
060374609002,383,331,52
060374609003,300,250,50
060374609004,396,320,76
060374609005,245,206,39
060374610001,258,221,37
060374610002,394,337,57
060374610003,453,382,71
060374610004,485,410,75
060374611001,474,392,82
060374611002,555,452,103
060374611003,432,359,73
060374611004,305,248,57
060374612001,494,344,150
060374612002,692,485,207
060374612003,416,294,122
060374612004,721,580,141
060374613001,554,378,176
060374613002,600,409,191
060374613003,560,389,171
060374613004,772,571,201
060374614001,481,370,111
060374614002,308,237,71
060374614003,384,297,87
060374615011,413,347,66
060374615012,354,293,61
060374615013,583,489,94
060374615021,348,289,59
060374615022,339,281,58
060374615023,157,131,26
060374615024,291,241,50
060374616001,312,260,52
060374616002,571,431,140
060374616003,399,335,64
060374616004,245,207,38
060374617001,284,219,65
060374617002,430,287,143
060374619011,385,307,78
060374619012,127,106,21
060374619013,381,303,78
060374619021,126,99,27
060374619022,509,402,107
060374620011,396,324,72
060374620012,264,203,61
060374620021,190,155,35
060374620022,268,218,50
060374620023,169,137,32
060374621001,386,319,67
060374621002,542,442,100
060374621003,544,455,89
060374622011,341,279,62
060374622012,257,204,53
060374622013,288,229,59
060374622021,580,464,116
060374622022,405,320,85
060374623011,465,377,88
060374623012,278,225,53
060374623013,417,334,83
060374623021,368,292,76
060374623022,259,206,53
060374623023,287,227,60
060374624001,530,403,127
060374624002,381,295,86
060374624003,315,247,68
060374624004,332,259,73
060374625001,620,418,202
060374625002,546,377,169
060374625003,949,677,272
060374625004,463,337,126
060374626001,555,405,150
060374626002,513,369,144
060374627001,356,260,96
060374627002,340,267,73
060374627003,478,344,134
060374627004,287,230,57
060374627005,391,312,79
060374628001,617,426,191
060374628002,414,318,96
060374629001,728,496,232
060374629002,417,284,133
060374629003,446,307,139
060374630001,367,218,149
060374630002,664,424,240
060374631031,303,215,88
060374631032,449,261,188
060374631033,393,247,146
060374631034,188,136,52
060374631035,460,328,132
060374632001,415,293,122
060374632002,617,434,183
060374632003,250,177,73
060374633001,478,322,156
060374633002,400,284,116
060374634001,392,307,85
060374634002,589,440,149
060374634003,368,271,97
060374634004,707,553,154
060374635001,576,425,151
060374635002,551,402,149
060374635003,653,509,144
060374636011,486,394,92
060374636012,621,504,117
060374636013,522,425,97
060374636014,588,483,105
060374636021,365,301,64
060374636022,591,483,108
060374636023,547,451,96
060374636024,327,270,57
060374637001,622,418,204
060374637002,1037,777,260
060374638001,437,325,112
060374638002,568,420,148
060374638003,595,442,153
060374638004,623,461,162
060374639001,478,326,152
060374639002,516,380,136
060374639003,793,533,260
060374640001,516,365,151
060374640002,453,303,150
060374640003,603,455,148
060374640004,541,411,130
060374640005,580,440,140
060374641011,426,213,213
060374641012,358,180,178
060374641013,343,167,176
060374641021,525,275,250
060374641022,420,220,200
060374641023,324,174,150
060374641024,468,235,233
060374642001,266,138,128
060374642002,241,124,117
060374642003,354,177,177
060374642004,347,174,173
060374642005,303,144,159
060374642006,502,253,249
060374800021,307,167,140
060374800022,407,216,191
060374800023,446,256,190
060374800111,478,268,210
060374800112,564,353,211
060374800121,268,151,117
060374800122,381,243,138
060374800123,227,143,84
060374800124,262,141,121
060374801011,402,199,203
060374801012,180,97,83
060374801013,347,189,158
060374801021,333,201,132
060374801022,178,107,71
060374801023,267,160,107
060374801024,249,142,107
060374802011,591,350,241
060374802012,404,255,149
060374802013,645,381,264
060374802021,233,137,96
060374802022,245,146,99
060374802023,336,199,137
060374803021,380,248,132
060374803022,397,261,136
060374803023,398,262,136
060374803031,242,169,73
060374803032,490,344,146
060374803041,377,253,124
060374803042,197,136,61
060374803043,287,189,98
060374804001,349,235,114
060374804002,672,451,221
060374804003,565,398,167
060374805001,674,514,160
060374805002,890,671,219
060374805003,463,356,107
060374805004,528,420,108
060374806011,473,383,90
060374806012,357,287,70
060374806013,634,512,122
060374806021,537,425,112
060374806022,289,223,66
060374806023,492,388,104
060374806024,390,300,90
060374807021,815,608,207
060374807022,1038,785,253
060374807031,711,560,151
060374807032,690,545,145
060374807041,551,438,113
060374807042,783,619,164
060374807043,481,373,108
060374808021,160,113,47
060374808022,624,454,170
060374808031,303,230,73
060374808032,258,196,62
060374808033,328,249,79
060374808034,218,166,52
060374808041,558,391,167
060374808042,466,330,136
060374809011,239,167,72
060374809012,265,184,81
060374809013,222,155,67
060374809021,433,302,131
060374809022,133,93,40
060374809031,599,397,202
060374810011,207,135,72
060374810012,398,259,139
060374810013,254,177,77
060374810021,422,291,131
060374810022,513,356,157
060374810023,197,136,61
060374811011,375,265,110
060374811012,331,232,99
060374811021,235,140,95
060374811022,100,59,41
060374811023,276,165,111
060374811031,252,155,97
060374811032,236,143,93
060374811033,279,175,104
060374811034,185,116,69
060374812011,197,106,91
060374812012,437,242,195
060374812013,193,103,90
060374812031,382,229,153
060374812032,340,204,136
060374812033,230,137,93
060374813001,298,197,101
060374813002,275,183,92
060374814011,356,222,134
060374814012,383,239,144
060374814013,133,84,49
060374814031,157,100,57
060374814032,264,161,103
060374814041,148,91,57
060374814042,323,199,124
060374814043,197,120,77
060374815001,361,238,123
060374815002,225,147,78
060374815003,372,239,133
060374816031,402,264,138
060374816032,222,146,76
060374816041,225,156,69
060374816042,425,296,129
060374816051,160,111,49
060374816052,259,168,91
060374816053,153,97,56
060374816061,257,171,86
060374816062,270,187,83
060374816063,173,111,62
060374817111,192,120,72
060374817112,231,144,87
060374817121,354,238,116
060374817122,264,167,97
060374817131,246,156,90
060374817132,119,75,44
060374817141,214,135,79
060374817142,119,76,43
060374818001,275,184,91
060374818002,419,278,141
060374819011,254,177,77
060374819012,207,154,53
060374819013,573,424,149
060374819014,690,490,200
060374819021,491,358,133
060374819022,213,144,69
060374820011,731,492,239
060374820012,273,184,89
060374820021,424,275,149
060374820022,448,298,150
060374820023,520,334,186
060374820024,222,149,73
060374821011,205,140,65
060374821012,305,216,89
060374821013,438,294,144
060374821021,478,327,151
060374821022,299,206,93
060374822011,153,97,56
060374822012,149,95,54
060374822013,192,121,71
060374822021,146,98,48
060374822022,228,144,84
060374822023,216,152,64
060374823011,192,124,68
060374823012,126,84,42
060374823013,122,81,41
060374823014,125,82,43
060374823031,124,76,48
060374823032,200,125,75
060374823033,221,139,82
060374823041,148,91,57
060374823042,136,90,46
060374824011,243,170,73
060374824012,204,127,77
060374824031,392,271,121
060374824041,178,127,51
060374824042,423,306,117
060374825021,163,109,54
060374825022,170,115,55
060374825031,151,102,49
060374825032,224,149,75
060374825211,276,188,88
060374825212,396,269,127
060374825213,296,200,96
060374825221,352,249,103
060374825222,473,336,137
060374825223,241,173,68
060374826001,537,337,200
060374826002,710,458,252
060374826003,325,213,112
060374826004,439,284,155
060374827011,170,119,51
060374827012,308,214,94
060374827013,262,188,74
060374827014,208,139,69
060374827021,316,219,97
060374827022,279,195,84
060374828011,282,198,84
060374828012,312,196,116
060374828013,521,348,173
060375001001,588,210,378
060375001002,602,226,376
060375001003,321,114,207
060375002021,346,159,187
060375002022,275,126,149
060375002023,304,169,135
060375002024,457,254,203
060375002025,737,343,394
060375002031,407,187,220
060375002032,421,193,228
060375002033,894,409,485
060375002041,990,392,598
060375003001,1024,592,432
060375004021,222,166,56
060375004022,160,121,39
060375004023,303,228,75
060375004031,731,478,253
060375004032,321,214,107
060375004041,205,140,65
060375004042,261,180,81
060375004043,331,223,108
060375004044,319,217,102
060375005001,522,385,137
060375006001,152,112,40
060375006002,117,87,30
060375006003,177,130,47
060375006004,196,143,53
060375006005,225,164,61
060375007001,260,182,78
060375007002,283,197,86
060375007003,256,187,69
060375007004,298,220,78
060375007005,214,160,54
060375007006,126,93,33
060375008001,266,197,69
060375008002,466,334,132
060375008003,485,359,126
060375009001,319,228,91
060375009002,269,192,77
060375009003,360,258,102
060375009004,166,116,50
060375010011,268,181,87
060375010012,249,186,63
060375010021,317,209,108
060375010022,488,338,150
060375010023,551,359,192
060375012001,707,430,277
060375012002,506,323,183
060375013011,416,250,166
060375013012,448,273,175
060375013021,438,273,165
060375013022,600,374,226
060375013023,204,123,81
060375014001,246,170,76
060375014002,166,116,50
060375014003,210,145,65
060375015011,926,563,363
060375015031,350,208,142
060375015032,277,165,112
060375015033,399,251,148
060375015034,226,157,69
060375015041,281,176,105
060375015042,249,164,85
060375015043,119,81,38
060375016001,1047,573,474
060375016002,351,201,150
060375016003,403,216,187
060375016004,344,189,155
060375016005,338,199,139
060375017001,366,202,164
060375017002,402,224,178
060375017003,362,200,162
060375017004,333,182,151
060375018021,354,206,148
060375018022,210,124,86
060375018023,384,229,155
060375018031,233,160,73
060375018032,212,145,67
060375018041,239,157,82
060375018042,81,52,29
060375019001,421,220,201
060375019002,284,150,134
060375019003,341,183,158
060375019004,253,138,115
060375020031,265,170,95
060375020032,209,134,75
060375020041,217,141,76
060375020042,341,223,118
060375020051,330,193,137
060375020052,415,251,164
060375020053,254,137,117
060375021001,289,181,108
060375021002,574,382,192
060375021003,581,375,206
060375022001,318,205,113
060375022002,368,242,126
060375022003,303,201,102
060375022004,432,287,145
060375023031,304,193,111
060375023032,401,269,132
060375023033,173,131,42
060375023034,186,142,44
060375023035,344,257,87
060375024011,396,271,125
060375024012,210,150,60
060375024013,390,279,111
060375024021,445,328,117
060375024022,467,327,140
060375025001,321,235,86
060375025002,388,284,104
060375026021,237,168,69
060375026022,323,233,90
060375026023,276,196,80
060375026031,587,400,187
060375026032,221,156,65
060375026041,329,213,116
060375026042,237,153,84
060375026043,302,210,92
060375027001,377,249,128
060375027002,401,257,144
060375027003,360,230,130
060375027004,574,403,171
060375028011,279,166,113
060375028012,596,356,240
060375028013,329,213,116
060375028014,357,215,142
060375028015,313,191,122
060375029011,352,209,143
060375029012,604,372,232
060375029013,310,193,117
060375030001,130,86,44
060375030002,178,123,55
060375030003,152,105,47
060375030004,164,113,51
060375031031,275,180,95
060375031032,221,130,91
060375031033,116,68,48
060375031034,155,94,61
060375031041,384,230,154
060375031051,256,153,103
060375031052,295,177,118
060375031061,373,207,166
060375031062,112,66,46
060375031063,250,142,108
060375032011,438,242,196
060375032012,421,238,183
060375032013,255,147,108
060375032021,446,262,184
060375032022,206,111,95
060375032023,261,152,109
060375033011,386,210,176
060375033012,382,207,175
060375033013,384,210,174
060375033021,536,317,219
060375033022,563,322,241
060375033023,290,168,122
060375034011,444,195,249
060375034012,584,254,330
060375034013,391,182,209
060375034014,342,161,181
060375034015,435,215,220
060375034021,606,304,302
060375034022,519,267,252
060375034023,366,188,178
060375035011,396,210,186
060375035012,671,357,314
060375035013,376,196,180
060375035021,455,214,241
060375035022,376,199,177
060375035023,444,210,234
060375036011,799,365,434
060375036012,262,129,133
060375036013,281,138,143
060375036021,550,248,302
060375036022,902,333,569
060375037011,627,294,333
060375037012,690,336,354
060375037021,962,473,489
060375037022,756,353,403
060375037041,630,311,319
060375037042,910,442,468
060375037051,703,343,360
060375037052,497,244,253
060375038011,355,171,184
060375038012,336,161,175
060375038013,421,204,217
060375038021,355,167,188
060375038022,354,167,187
060375038023,801,386,415
060375039011,324,162,162
060375039012,526,263,263
060375039021,495,208,287
060375039022,475,202,273
060375039023,483,202,281
060375039024,2,1,1
060375040011,391,173,218
060375040012,429,191,238
060375040013,333,150,183
060375040021,416,182,234
060375040022,250,113,137
060375040023,222,101,121
060375040024,260,113,147
060375040025,438,189,249
060375041011,531,312,219
060375041012,289,170,119
060375041013,185,109,76
060375042001,643,400,243
060375042002,304,189,115
060375042003,220,138,82
060375300051,735,481,254
060375300052,574,390,184
060375300061,544,376,168
060375300062,222,155,67
060375300071,381,250,131
060375300072,495,324,171
060375300073,523,337,186
060375300074,457,294,163
060375301011,246,182,64
060375301012,219,161,58
060375301013,155,115,40
060375301014,123,90,33
060375301021,255,184,71
060375301022,294,210,84
060375301023,262,187,75
060375301024,318,226,92
060375302021,339,262,77
060375302022,395,305,90
060375302023,252,196,56
060375302031,323,243,80
060375302032,198,150,48
060375302041,239,181,58
060375302042,323,243,80
060375303011,364,289,75
060375303021,245,187,58
060375303022,293,236,57
060375303023,207,168,39
060375303024,248,191,57
060375304001,2,1,1
060375304002,400,303,97
060375304003,340,279,61
060375305001,272,220,52
060375305002,193,155,38
060375305003,154,125,29
060375306031,262,215,47
060375306032,181,147,34
060375306033,350,285,65
060375307001,317,255,62
060375308011,151,125,26
060375308012,149,124,25
060375308013,272,224,48
060375308014,198,163,35
060375308021,326,271,55
060375308022,253,210,43
060375309011,133,112,21
060375309012,162,135,27
060375309013,143,120,23
060375309021,199,160,39
060375309022,291,234,57
060375310001,229,184,45
060375310002,120,99,21
060375310003,340,278,62
060375311011,95,79,16
060375311012,151,126,25
060375311013,176,146,30
060375311014,107,89,18
060375311021,255,212,43
060375311022,113,94,19
060375312011,229,194,35
060375312012,258,204,54
060375312021,186,148,38
060375312022,259,212,47
060375313011,139,115,24
060375313012,104,86,18
060375313013,119,98,21
060375313014,121,100,21
060375313021,122,102,20
060375313022,133,111,22
060375313023,116,98,18
060375313024,151,127,24
060375315021,95,79,16
060375315022,191,163,28
060375315031,168,141,27
060375315032,116,93,23
060375315041,270,218,52
060375315042,206,170,36
060375316021,135,110,25
060375316022,113,90,23
060375316023,169,143,26
060375316031,126,101,25
060375316032,361,288,73
060375316041,234,195,39
060375316042,155,129,26
060375317011,351,286,65
060375317012,277,226,51
060375317021,140,114,26
060375317022,83,65,18
060375317023,209,165,44
060375318001,191,151,40
060375318002,218,173,45
060375318003,132,104,28
060375319011,170,135,35
060375319012,182,143,39
060375319013,244,192,52
060375319014,192,152,40
060375319021,146,116,30
060375319022,298,240,58
060375319023,170,136,34
060375320011,274,204,70
060375320012,279,204,75
060375320021,125,93,32
060375320022,339,247,92
060375321011,256,185,71
060375321012,307,221,86
060375321013,278,206,72
060375321021,362,258,104
060375321022,397,284,113
060375322001,289,207,82
060375322002,132,94,38
060375322003,423,301,122
060375323021,193,159,34
060375323022,196,152,44
060375323023,342,266,76
060375323031,215,161,54
060375323032,582,435,147
060375323033,121,93,28
060375323041,417,311,106
060375323042,115,86,29
060375325001,50,36,14
060375325002,131,104,27
060375325003,236,185,51
060375326051,213,174,39
060375326052,153,125,28
060375326061,125,97,28
060375326062,135,106,29
060375326063,118,92,26
060375326071,156,127,29
060375326072,106,86,20
060375326073,72,60,12
060375326074,82,68,14
060375326075,84,70,14
060375327001,71,60,11
060375327002,116,93,23
060375328001,127,110,17
060375328002,115,98,17
060375329001,118,97,21
060375329002,141,116,25
060375329003,136,114,22
060375330011,145,123,22
060375330012,154,122,32
060375330021,77,61,16
060375330022,102,81,21
060375331031,80,64,16
060375331032,128,107,21
060375331041,85,68,17
060375331042,158,126,32
060375331051,201,155,46
060375331081,173,132,41
060375331082,155,119,36
060375331083,159,124,35
060375332011,86,67,19
060375332012,139,110,29
060375332041,131,100,31
060375332042,163,127,36
060375332043,161,120,41
060375333001,74,62,12
060375333002,198,166,32
060375334011,185,148,37
060375334012,202,157,45
060375334013,153,123,30
060375334021,214,176,38
060375334022,151,120,31
060375334031,253,195,58
060375334032,101,77,24
060375335011,127,101,26
060375335012,128,102,26
060375335041,114,88,26
060375335042,139,108,31
060375335043,126,97,29
060375336011,150,112,38
060375336012,160,121,39
060375336013,98,73,25
060375336021,172,132,40
060375336022,224,171,53
060375336023,81,62,19
060375336031,217,169,48
060375336032,232,180,52
060375336033,197,151,46
060375337011,149,115,34
060375337012,190,147,43
060375337021,217,170,47
060375337022,115,89,26
060375337031,151,116,35
060375337032,235,183,52
060375338031,153,114,39
060375338032,170,129,41
060375338033,122,92,30
060375338034,167,124,43
060375338041,146,110,36
060375338042,151,114,37
060375338043,183,139,44
060375338051,230,175,55
060375338052,129,97,32
060375338061,335,252,83
060375339011,137,111,26
060375339012,180,144,36
060375339013,166,127,39
060375339014,100,77,23
060375339021,273,213,60
060375339022,135,105,30
060375340011,182,144,38
060375340012,266,208,58
060375340013,136,109,27
060375340021,308,246,62
060375340022,165,132,33
060375341011,111,90,21
060375341012,87,66,21
060375341021,107,86,21
060375341022,170,131,39
060375341023,142,107,35
060375341024,113,88,25
060375342011,181,140,41
060375342012,171,132,39
060375342021,207,164,43
060375342022,157,124,33
060375342023,121,95,26
060375342031,123,95,28
060375342032,196,152,44
060375343011,174,133,41
060375343012,173,134,39
060375343021,147,119,28
060375343022,119,96,23
060375344031,307,226,81
060375344041,178,134,44
060375344042,155,118,37
060375344051,67,52,15
060375344052,144,111,33
060375344053,71,55,16
060375344061,162,130,32
060375344062,130,105,25
060375345011,215,172,43
060375345012,184,146,38
060375345013,267,214,53
060375345021,277,205,72
060375345022,288,214,74
060375347001,328,266,62
060375347002,277,224,53
060375348021,221,176,45
060375348022,124,98,26
060375348031,184,145,39
060375348032,167,131,36
060375348033,184,142,42
060375348041,241,188,53
060375348042,165,128,37
060375349001,99,67,32
060375349002,173,136,37
060375349003,128,100,28
060375349004,134,104,30
060375350011,119,91,28
060375350012,87,68,19
060375350013,101,82,19
060375350021,113,86,27
060375350022,59,45,14
060375350023,83,68,15
060375351011,112,91,21
060375351012,201,171,30
060375351013,123,104,19
060375351014,178,148,30
060375351021,97,84,13
060375351022,132,110,22
060375351023,122,105,17
060375352001,132,110,22
060375352002,167,144,23
060375352003,148,137,11
060375353001,129,105,24
060375353002,90,73,17
060375353003,74,60,14
060375353004,142,113,29
060375354001,116,96,20
060375354002,93,72,21
060375355011,142,114,28
060375355012,160,127,33
060375355021,216,170,46
060375355022,248,196,52
060375355031,250,191,59
060375356031,97,75,22
060375356032,231,191,40
060375356041,176,144,32
060375356042,243,197,46
060375356051,175,138,37
060375356052,191,154,37
060375356061,158,129,29
060375356071,144,118,26
060375356072,159,131,28
060375356073,86,72,14
060375356074,141,116,25
060375357011,237,186,51
060375357012,253,199,54
060375357013,235,184,51
060375357021,141,110,31
060375357022,133,103,30
060375357023,100,79,21
060375357024,179,138,41
060375358021,221,167,54
060375358022,106,74,32
060375358023,231,172,59
060375358024,252,194,58
060375358031,136,108,28
060375358032,124,98,26
060375358033,83,65,18
060375358041,267,209,58
060375358042,267,211,56
060375359011,214,157,57
060375359012,232,170,62
060375359013,262,191,71
060375359014,157,123,34
060375359021,284,206,78
060375359022,244,177,67
060375359023,228,160,68
060375359024,365,253,112
060375360001,122,105,17
060375360002,277,217,60
060375361021,308,200,108
060375361022,328,214,114
060375361031,93,70,23
060375361032,397,296,101
060375361033,321,236,85
060375361041,115,89,26
060375361042,138,106,32
060375361043,256,193,63
060375362011,330,216,114
060375362012,302,199,103
060375362021,203,142,61
060375362022,222,155,67
060375362023,228,158,70
060375400001,189,142,47
060375400002,229,173,56
060375400003,245,187,58
060375401011,123,96,27
060375401012,230,180,50
060375401013,293,230,63
060375401014,320,251,69
060375401021,233,192,41
060375401022,264,217,47
060375401023,351,283,68
060375401024,250,207,43
060375402011,64,50,14
060375402012,93,72,21
060375402021,104,82,22
060375402022,109,85,24
060375402023,148,116,32
060375402024,151,117,34
060375402031,257,213,44
060375402032,119,99,20
060375402033,103,85,18
060375403001,153,116,37
060375403002,217,166,51
060375403003,76,58,18
060375403004,157,120,37
060375404001,66,57,9
060375404002,99,87,12
060375405011,163,131,32
060375405012,131,102,29
060375405013,164,131,33
060375405014,179,143,36
060375405021,152,121,31
060375405022,84,67,17
060375405023,142,113,29
060375406001,263,228,35
060375406002,138,119,19
060375407001,200,171,29
060375407002,219,187,32
060375408001,171,151,20
060375408002,177,155,22
060375408003,212,187,25
060375408004,188,165,23
060375408005,376,337,39
060375409011,154,135,19
060375409012,207,183,24
060375409013,276,245,31
060375409021,238,218,20
060375409022,478,439,39
060375409023,298,272,26
060375409024,9,9,0
060375410031,321,266,55
060375410032,803,658,145
060375411001,101,89,12
060375411002,243,217,26
060375411003,201,178,23
060375412001,272,248,24
060375412002,213,199,14
060375412003,508,456,52
060375412004,487,438,49
060375413001,378,320,58
060375413002,194,168,26
060375413003,174,152,22
060375414011,152,131,21
060375414012,117,100,17
060375414021,76,64,12
060375414022,105,88,17
060375414023,116,97,19
060375415001,133,113,20
060375415002,114,98,16
060375415003,159,133,26
060375416031,61,51,10
060375416032,151,122,29
060375416041,189,152,37
060375416042,142,109,33
060375416043,125,101,24
060375416051,99,84,15
060375416052,220,192,28
060375416053,148,125,23
060375416061,98,83,15
060375416062,79,67,12
060375417001,137,107,30
060375417002,151,118,33
060375417003,149,117,32
060375417004,190,154,36
060375417005,237,192,45
060375418011,172,137,35
060375418012,262,214,48
060375418013,155,129,26
060375418021,201,160,41
060375418022,161,130,31
060375418023,227,183,44
060375420001,263,229,34
060375420002,132,105,27
060375420003,274,235,39
060375421031,130,109,21
060375421032,77,64,13
060375421033,112,94,18
060375421041,127,105,22
060375421042,152,122,30
060375421051,203,168,35
060375421052,134,111,23
060375421053,80,70,10
060375421061,100,89,11
060375421062,153,130,23
060375422001,166,142,24
060375422002,142,121,21
060375422003,130,112,18
060375422004,129,111,18
060375422005,207,177,30
060375424011,144,127,17
060375424012,204,171,33
060375424013,183,162,21
060375424014,223,197,26
060375424021,168,148,20
060375424022,287,257,30
060375424023,38,34,4
060375425011,350,310,40
060375425012,216,186,30
060375425021,158,140,18
060375425022,124,109,15
060375425023,142,125,17
060375426011,64,55,9
060375426012,165,142,23
060375426021,146,129,17
060375426022,240,210,30
060375426023,186,162,24
060375427001,190,162,28
060375427002,198,162,36
060375427003,239,194,45
060375428001,273,252,21
060375428002,331,306,25
060375429001,233,201,32
060375429002,173,149,24
060375430001,393,364,29
060375430002,152,138,14
060375430003,289,264,25
060375431001,185,163,22
060375431002,323,276,47
060375431003,198,167,31
060375431004,329,306,23
060375431005,218,202,16
060375432011,257,228,29
060375432012,227,191,36
060375432031,117,101,16
060375432032,131,114,17
060375432033,139,115,24
060375432034,104,87,17
060375433041,385,352,33
060375433042,1046,956,90
060375433043,630,576,54
060375433044,546,494,52
060375433051,703,542,161
060375433061,574,416,158
060375433062,315,229,86
060375433063,686,498,188
060375433211,189,173,16
060375433212,1052,903,149
060375433213,674,576,98
060375433221,571,500,71
060375433222,464,415,49
060375433223,971,865,106
060375433224,337,304,33
060375433225,518,454,64
060375434001,315,250,65
060375434002,391,308,83
060375434003,155,122,33
060375435011,114,76,38
060375435012,336,210,126
060375435013,468,315,153
060375435014,486,324,162
060375435021,284,176,108
060375435022,208,128,80
060375435023,461,284,177
060375435031,508,336,172
060375435032,229,144,85
060375435033,484,310,174
060375436011,419,271,148
060375436012,350,226,124
060375436031,745,521,224
060375436032,737,516,221
060375436051,675,437,238
060375436052,483,312,171
060375436061,206,132,74
060375436062,541,346,195
060375436071,232,145,87
060375436072,635,396,239
060375436073,457,290,167
060375437011,296,204,92
060375437012,313,217,96
060375437031,255,171,84
060375437032,527,356,171
060375437041,172,116,56
060375437042,252,169,83
060375437043,205,140,65
060375437051,278,190,88
060375437052,364,241,123
060375438011,631,406,225
060375438012,255,160,95
060375438013,176,121,55
060375438031,434,306,128
060375438032,588,408,180
060375438041,222,153,69
060375438042,387,257,130
060375439031,369,256,113
060375439032,580,412,168
060375439051,66,51,15
060375439052,229,177,52
060375439053,201,154,47
060375440011,0,0,0
060375440012,214,150,64
060375440013,265,185,80
060375440014,193,136,57
060375440022,242,155,87
060375440023,387,246,141
060375501011,368,236,132
060375501012,238,156,82
060375501013,213,139,74
060375502011,296,185,111
060375502012,230,144,86
060375502021,332,207,125
060375502022,296,190,106
060375502023,171,110,61
060375502024,330,212,118
060375503011,221,140,81
060375503012,84,50,34
060375503013,130,90,40
060375503014,193,132,61
060375505011,531,346,185
060375505012,227,149,78
060375505021,399,205,194
060375505022,326,173,153
060375505023,317,167,150
060375505024,257,134,123
060375506011,435,265,170
060375506012,255,156,99
060375506013,273,165,108
060375506014,236,146,90
060375506021,305,178,127
060375506022,347,202,145
060375506023,319,180,139
060375506024,299,169,130
060375507001,291,177,114
060375507002,422,253,169
060375507003,347,202,145
060375507004,229,135,94
060375507005,333,202,131
060375507006,249,146,103
060375508011,460,255,205
060375508012,285,179,106
060375508013,238,150,88
060375508014,266,150,116
060375508021,297,170,127
060375508022,183,106,77
060375509011,403,223,180
060375509012,196,112,84
060375509013,288,165,123
060375509021,324,203,121
060375509022,263,165,98
060375509023,236,135,101
060375509024,279,160,119
060375510011,420,237,183
060375510012,263,149,114
060375510013,368,210,158
060375510021,288,164,124
060375510022,311,179,132
060375510023,333,191,142
060375511011,227,143,84
060375511012,148,101,47
060375511013,170,116,54
060375511021,128,79,49
060375511022,221,146,75
060375511023,218,144,74
060375512011,324,212,112
060375512012,468,308,160
060375512031,213,127,86
060375512032,415,253,162
060375512041,284,169,115
060375512042,370,225,145
060375513001,288,188,100
060375513002,220,132,88
060375513003,250,156,94
060375514011,335,203,132
060375514012,415,242,173
060375514021,280,153,127
060375514022,480,295,185
060375514023,332,182,150
060375515011,513,286,227
060375515012,345,204,141
060375515013,204,121,83
060375515021,329,202,127
060375515022,311,191,120
060375515023,328,194,134
060375517001,454,287,167
060375517002,280,185,95
060375517003,185,131,54
060375517004,303,199,104
060375518011,456,276,180
060375518012,227,141,86
060375518021,332,212,120
060375518022,190,125,65
060375518023,246,159,87
060375519001,171,114,57
060375519002,277,173,104
060375519003,217,136,81
060375519004,334,199,135
060375520011,307,183,124
060375520012,232,152,80
060375520013,192,125,67
060375520021,214,145,69
060375520022,267,175,92
060375521001,253,164,89
060375521002,254,172,82
060375521003,224,141,83
060375521004,178,112,66
060375521005,255,160,95
060375522001,242,156,86
060375522002,179,118,61
060375522003,176,120,56
060375522004,275,184,91
060375523011,273,177,96
060375523012,453,296,157
060375523013,220,141,79
060375523021,190,123,67
060375523022,223,145,78
060375523023,282,182,100
060375524001,180,113,67
060375524002,261,164,97
060375526011,170,127,43
060375526012,166,124,42
060375526013,156,115,41
060375526014,215,161,54
060375526021,403,251,152
060375526022,152,98,54
060375526023,162,104,58
060375527001,372,235,137
060375527002,183,115,68
060375527003,260,165,95
060375527004,187,122,65
060375527005,237,160,77
060375528001,159,108,51
060375528002,415,277,138
060375528003,208,128,80
060375528004,279,184,95
060375529001,136,78,58
060375529002,217,124,93
060375529003,250,143,107
060375529004,342,198,144
060375529005,270,154,116
060375530001,444,276,168
060375530002,248,142,106
060375530003,311,206,105
060375531001,463,293,170
060375531002,209,131,78
060375531003,179,106,73
060375531004,310,186,124
060375532011,307,177,130
060375532012,237,136,101
060375532013,264,152,112
060375532021,243,144,99
060375532022,305,164,141
060375532023,317,189,128
060375533001,213,123,90
060375533002,236,130,106
060375533003,258,150,108
060375534001,264,186,78
060375534002,235,164,71
060375534003,255,179,76
060375535021,226,165,61
060375535022,240,169,71
060375535031,274,199,75
060375535041,248,196,52
060375535042,181,142,39
060375535043,166,126,40
060375536011,247,196,51
060375536012,372,261,111
060375536021,208,145,63
060375536022,185,151,34
060375536023,120,96,24
060375537011,25,20,5
060375537012,109,86,23
060375537013,105,83,22
060375537021,309,237,72
060375537022,164,128,36
060375538011,113,81,32
060375538012,80,63,17
060375538013,225,176,49
060375538021,137,103,34
060375538022,343,268,75
060375538023,273,209,64
060375539011,236,174,62
060375539012,268,192,76
060375539013,331,232,99
060375539014,177,124,53
060375539021,251,189,62
060375539022,222,166,56
060375539023,180,135,45
060375540011,260,144,116
060375540012,207,126,81
060375540013,220,122,98
060375540014,222,124,98
060375540021,345,222,123
060375540022,387,229,158
060375540023,213,130,83
060375541011,182,114,68
060375541012,348,210,138
060375541051,329,196,133
060375541052,273,162,111
060375541061,159,100,59
060375541062,204,127,77
060375541063,346,212,134
060375542011,184,109,75
060375542012,266,157,109
060375542013,354,226,128
060375542031,320,188,132
060375542032,153,103,50
060375542033,187,125,62
060375542041,300,210,90
060375542042,320,209,111
060375543011,173,115,58
060375543012,181,133,48
060375543013,128,77,51
060375543021,321,250,71
060375543022,141,110,31
060375544031,289,220,69
060375544032,346,267,79
060375544041,205,137,68
060375544042,420,278,142
060375544051,328,193,135
060375544052,381,208,173
060375544061,474,265,209
060375544062,250,136,114
060375544063,540,296,244
060375545111,886,525,361
060375545112,415,246,169
060375545121,856,504,352
060375545122,584,344,240
060375545123,837,478,359
060375545131,817,480,337
060375545141,335,210,125
060375545142,452,253,199
060375545143,527,294,233
060375545151,448,247,201
060375545152,872,486,386
060375545161,675,383,292
060375545162,688,378,310
060375545171,910,558,352
060375545172,509,313,196
060375545181,441,269,172
060375545182,859,515,344
060375545183,561,318,243
060375545191,483,283,200
060375545192,865,506,359
060375545211,857,486,371
060375545212,479,289,190
060375545213,641,384,257
060375545221,307,184,123
060375545222,685,390,295
060375545223,774,436,338
060375546001,438,267,171
060375546002,423,258,165
060375547001,231,156,75
060375547002,240,171,69
060375547003,207,148,59
060375548011,272,199,73
060375548012,219,133,86
060375548021,571,314,257
060375548022,405,237,168
060375548023,377,221,156
060375549001,389,222,167
060375549002,298,171,127
060375549003,149,83,66
060375549004,514,283,231
060375549005,233,127,106
060375550011,371,204,167
060375550012,285,180,105
060375550013,272,181,91
060375550014,173,116,57
060375550021,272,178,94
060375550022,468,254,214
060375551051,298,197,101
060375551052,248,157,91
060375551053,219,144,75
060375551054,213,134,79
060375551061,237,161,76
060375551062,318,217,101
060375551071,266,161,105
060375551072,582,337,245
060375551073,607,385,222
060375552021,696,375,321
060375552022,822,463,359
060375552111,256,173,83
060375552112,243,166,77
060375552113,334,217,117
060375552121,328,213,115
060375552122,288,188,100
060375553001,120,77,43
060375553002,276,178,98
060375553003,185,117,68
060375553004,330,213,117
060375700011,430,213,217
060375700012,250,126,124
060375700013,466,223,243
060375700014,299,142,157
060375700021,317,160,157
060375700022,234,119,115
060375700023,369,188,181
060375700031,315,173,142
060375700032,269,148,121
060375700033,295,162,133
060375700034,449,283,166
060375701001,302,220,82
060375701002,339,247,92
060375702021,135,103,32
060375702022,193,139,54
060375702023,161,124,37
060375702024,188,143,45
060375702025,270,204,66
060375702031,346,259,87
060375702032,118,90,28
060375702041,264,191,73
060375702042,286,215,71
060375703031,203,154,49
060375703032,276,220,56
060375703041,192,150,42
060375703042,191,154,37
060375703043,116,95,21
060375703051,375,293,82
060375703052,55,43,12
060375703061,235,175,60
060375703062,200,156,44
060375704021,276,227,49
060375704022,250,204,46
060375704023,240,196,44
060375704031,139,110,29
060375704032,179,144,35
060375704033,150,122,28
060375704041,222,175,47
060375704042,237,190,47
060375705021,266,185,81
060375705022,330,232,98
060375705023,234,165,69
060375705024,238,168,70
060375705031,315,236,79
060375705032,292,219,73
060375705041,340,262,78
060375705042,379,269,110
060375706011,361,253,108
060375706012,315,227,88
060375706013,119,93,26
060375706021,284,214,70
060375706022,319,235,84
060375706023,165,125,40
060375706024,177,132,45
060375706031,189,141,48
060375706032,233,201,32
060375706033,72,62,10
060375707011,235,147,88
060375707012,581,372,209
060375707013,205,131,74
060375707014,261,167,94
060375707015,660,416,244
060375707031,462,296,166
060375707032,671,433,238
060375708001,426,230,196
060375708002,424,233,191
060375708003,410,224,186
060375708004,345,187,158
060375708005,323,175,148
060375709011,462,231,231
060375709012,400,200,200
060375709013,597,278,319
060375709014,340,159,181
060375709015,370,172,198
060375709021,349,169,180
060375709022,504,245,259
060375709023,418,203,215
060375710001,429,199,230
060375710002,343,167,176
060375710003,405,196,209
060375710004,331,160,171
060375710005,297,144,153
060375710006,523,243,280
060375711011,272,126,146
060375711012,332,166,166
060375711013,427,220,207
060375711014,482,246,236
060375711015,286,135,151
060375711021,320,160,160
060375711022,350,174,176
060375711023,369,184,185
060375711024,247,127,120
060375711025,293,146,147
060375712011,422,231,191
060375712012,357,196,161
060375712013,381,213,168
060375712014,412,227,185
060375712021,580,333,247
060375712022,354,203,151
060375712023,616,353,263
060375713001,510,296,214
060375713002,397,238,159
060375713003,539,313,226
060375713004,268,155,113
060375714001,420,251,169
060375714002,451,270,181
060375714003,352,211,141
060375714004,468,273,195
060375715021,350,254,96
060375715022,322,230,92
060375715023,481,343,138
060375715024,236,168,68
060375715041,352,245,107
060375715042,266,186,80
060375715043,356,249,107
060375715044,364,254,110
060375715051,336,215,121
060375715052,447,331,116
060375716001,230,180,50
060375717011,245,184,61
060375717012,293,221,72
060375717013,448,339,109
060375717031,121,90,31
060375717032,191,141,50
060375717033,215,160,55
060375717041,202,144,58
060375717042,93,67,26
060375717043,184,131,53
060375718001,676,459,217
060375718002,526,357,169
060375718003,326,221,105
060375719001,642,432,210
060375719002,500,339,161
060375719003,701,505,196
060375719004,573,387,186
060375720011,734,531,203
060375720012,531,391,140
060375720013,504,375,129
060375720014,564,425,139
060375722011,332,234,98
060375722012,255,187,68
060375722013,595,416,179
060375722014,527,379,148
060375722021,297,215,82
060375722022,272,196,76
060375722023,234,173,61
060375722024,119,87,32
060375723011,356,258,98
060375723012,212,150,62
060375725001,252,183,69
060375725002,307,219,88
060375726001,293,213,80
060375726002,314,227,87
060375726003,232,168,64
060375726004,128,92,36
060375727001,184,134,50
060375727002,315,235,80
060375727003,219,161,58
060375727004,238,176,62
060375730021,153,127,26
060375730022,141,116,25
060375730031,458,359,99
060375730041,140,114,26
060375730042,95,78,17
060375730043,187,147,40
060375730044,163,130,33
060375731011,249,199,50
060375731012,185,148,37
060375731013,212,169,43
060375731021,490,386,104
060375731022,260,202,58
060375732011,285,223,62
060375732012,263,206,57
060375732021,199,156,43
060375732022,299,234,65
060375732023,315,247,68
060375733001,293,233,60
060375733002,118,94,24
060375734011,341,237,104
060375734021,7,6,1
060375734022,233,168,65
060375734023,369,267,102
060375734024,461,331,130
060375734025,555,392,163
060375734031,550,386,164
060375734032,688,482,206
060375736011,714,392,322
060375736012,377,212,165
060375736013,363,203,160
060375736016,350,193,157
060375736017,335,185,150
060375736018,374,206,168
060375736019,328,181,147
060375737001,607,351,256
060375737002,463,262,201
060375737003,393,224,169
060375737004,638,323,315
060375738001,563,315,248
060375738002,527,294,233
060375738003,454,262,192
060375738004,430,250,180
060375739021,1037,588,449
060375740001,516,331,185
060375740002,418,269,149
060375740003,473,257,216
060375740004,450,252,198
060375740005,781,430,351
060375741001,392,223,169
060375741002,535,304,231
060375741003,448,254,194
060375741004,520,291,229
060375741005,503,282,221
060375742011,438,236,202
060375742012,400,215,185
060375742013,532,326,206
060375742021,257,165,92
060375742022,344,223,121
060375743001,411,226,185
060375743002,400,221,179
060375743003,480,283,197
060375743004,532,314,218
060375743005,448,247,201
060375743006,512,283,229
060375744001,351,226,125
060375744002,411,226,185
060375744003,430,259,171
060375744004,628,345,283
060375744005,386,235,151
060375744006,457,294,163
060375745001,811,450,361
060375745002,963,540,423
060375745003,508,285,223
060375745004,756,419,337
060375746021,606,340,266
060375748001,361,229,132
060375748002,476,302,174
060375748003,395,251,144
060375749011,374,216,158
060375749012,359,212,147
060375749013,436,267,169
060375749014,446,273,173
060375749021,313,193,120
060375749022,347,215,132
060375749023,650,413,237
060375750011,447,287,160
060375750012,673,483,190
060375750021,431,330,101
060375750022,532,406,126
060375750023,376,285,91
060375751011,252,195,57
060375751012,313,245,68
060375751021,181,133,48
060375751022,183,139,44
060375751031,242,199,43
060375751032,320,260,60
060375751033,180,146,34
060375752011,126,98,28
060375752012,145,114,31
060375752013,206,162,44
060375752021,191,148,43
060375752022,127,98,29
060375752023,87,67,20
060375753001,113,88,25
060375753002,133,102,31
060375753003,165,127,38
060375754011,29,26,3
060375754012,76,65,11
060375754013,105,91,14
060375754021,183,141,42
060375754022,66,51,15
060375758011,112,90,22
060375758012,77,63,14
060375758021,208,167,41
060375758022,294,234,60
060375758031,219,172,47
060375758032,221,174,47
060375759011,214,173,41
060375759012,178,145,33
060375759013,152,123,29
060375759014,123,99,24
060375759021,573,472,101
060375759022,412,334,78
060375759023,354,287,67
060375760011,547,421,126
060375760012,559,431,128
060375760013,757,583,174
060375762001,193,163,30
060375762002,272,219,53
060375762003,237,190,47
060375762004,173,146,27
060375762005,350,286,64
060375763011,233,185,48
060375763012,177,140,37
060375763013,158,129,29
060375763014,107,87,20
060375763021,125,100,25
060375763022,87,72,15
060375763023,233,192,41
060375764011,151,124,27
060375764012,224,181,43
060375764021,145,117,28
060375764022,255,204,51
060375764031,189,153,36
060375764032,232,187,45
060375765011,232,200,32
060375765012,334,281,53
060375765021,423,363,60
060375765022,268,227,41
060375765023,280,238,42
060375765031,333,285,48
060375765032,467,395,72
060375766011,513,386,127
060375766012,477,404,73
060375766013,481,405,76
060375766021,585,447,138
060375766022,312,264,48
060375766023,298,245,53
060375766024,323,273,50
060375767001,580,460,120
060375767002,322,243,79
060375767003,712,566,146
060375768011,303,252,51
060375768012,400,329,71
060375768013,668,552,116
060375768021,617,511,106
060375768022,724,594,130
060375769011,192,152,40
060375769012,357,299,58
060375769013,192,153,39
060375769031,251,207,44
060375769032,214,172,42
060375769041,368,307,61
060375769042,316,265,51
060375770001,529,406,123
060375770002,542,417,125
060375770003,464,361,103
060375770004,330,256,74
060375770005,242,183,59
060375771001,605,443,162
060375771002,545,397,148
060375771003,449,338,111
060375771004,669,537,132
060375771005,490,396,94
060375772001,671,466,205
060375772002,469,348,121
060375772003,498,381,117
060375772004,632,485,147
060375773001,304,186,118
060375773002,454,276,178
060375773003,304,187,117
060375773004,527,311,216
060375773005,452,270,182
060375773006,269,166,103
060375774001,389,255,134
060375774002,292,184,108
060375774003,435,255,180
060375774004,430,251,179
060375775011,658,316,342
060375775012,678,327,351
060375775013,607,292,315
060375775041,262,163,99
060375775042,337,207,130
060375776021,802,472,330
060375776022,926,544,382
060375776041,648,357,291
060375776051,1018,543,475
060375776052,976,521,455
060375776053,635,367,268
060375776061,757,511,246
060375776062,876,582,294
060375777001,236,177,59
060375777002,275,212,63
060375777003,315,237,78
060375778001,329,198,131
060375778002,379,228,151
060375778003,372,227,145
060375779001,316,222,94
060375779002,430,291,139
060375779003,464,315,149
060375779004,564,435,129
060375780001,174,131,43
060375780002,161,122,39
060375780003,175,132,43
060375780004,221,166,55
060375781001,89,52,37
060375990001,135,70,65
060375990002,170,88,82
060375990003,125,65,60
060375990004,324,168,156
060375991002,46,24,22
060376001001,258,226,32
060376001002,141,124,17
060376001003,207,182,25
060376002011,170,149,21
060376002012,162,145,17
060376002013,116,103,13
060376002021,180,156,24
060376002022,327,294,33
060376002023,188,170,18
060376003021,318,288,30
060376003022,199,180,19
060376003023,215,195,20
060376003031,166,142,24
060376003032,151,136,15
060376003033,151,134,17
060376003041,140,119,21
060376003042,84,69,15
060376003043,83,72,11
060376004001,227,213,14
060376004002,172,162,10
060376004003,328,302,26
060376004004,443,409,34
060376005011,498,460,38
060376005012,457,425,32
060376006011,264,242,22
060376006012,409,374,35
060376006013,293,270,23
060376006021,289,260,29
060376007021,391,365,26
060376007022,426,399,27
060376007023,538,497,41
060376007031,883,828,55
060376007041,644,599,45
060376007042,608,564,44
060376008011,350,320,30
060376008012,360,338,22
060376008013,279,267,12
060376008014,398,364,34
060376008021,372,347,25
060376008022,295,277,18
060376008023,322,300,22
060376009021,256,231,25
060376009022,285,254,31
060376009023,179,159,20
060376009024,466,414,52
060376009111,342,296,46
060376009112,505,436,69
060376009121,401,336,65
060376009122,353,302,51
060376009123,221,189,32
060376010011,387,351,36
060376010012,447,408,39
060376010021,225,195,30
060376010022,356,320,36
060376010023,452,413,39
060376011001,225,202,23
060376011002,211,190,21
060376011003,265,225,40
060376012021,241,194,47
060376012022,214,171,43
060376012023,173,138,35
060376012111,288,257,31
060376012112,250,221,29
060376012121,262,223,39
060376012122,182,155,27
060376012123,221,185,36
060376012124,150,128,22
060376013011,320,283,37
060376013012,453,399,54
060376013021,124,111,13
060376013022,511,456,55
060376013023,315,284,31
060376013024,470,424,46
060376013031,273,242,31
060376013032,224,199,25
060376013033,520,459,61
060376014011,352,295,57
060376014012,214,181,33
060376014013,334,271,63
060376014021,255,202,53
060376014022,184,142,42
060376014023,130,101,29
060376014024,157,125,32
060376015011,149,118,31
060376015012,155,126,29
060376015021,241,189,52
060376015022,95,77,18
060376016001,130,101,29
060376016002,161,130,31
060376016003,140,115,25
060376017001,135,106,29
060376017002,125,92,33
060376017003,122,91,31
060376018011,121,92,29
060376018012,205,151,54
060376018021,122,97,25
060376018022,111,86,25
060376018023,96,72,24
060376019001,380,338,42
060376019002,222,184,38
060376020021,168,138,30
060376020022,262,211,51
060376020031,271,217,54
060376020032,281,233,48
060376021031,229,171,58
060376021032,222,176,46
060376021033,342,268,74
060376021041,363,293,70
060376021042,332,249,83
060376021051,289,234,55
060376021052,308,252,56
060376021061,396,299,97
060376021062,375,268,107
060376021063,211,144,67
060376022011,296,202,94
060376022012,272,186,86
060376022013,613,372,241
060376022014,277,167,110
060376022021,233,171,62
060376022022,217,172,45
060376023011,449,305,144
060376023012,423,273,150
060376023013,528,338,190
060376023014,584,378,206
060376023015,1,1,0
060376023021,333,220,113
060376023022,321,212,109
060376023023,850,560,290
060376023024,665,439,226
060376024021,260,183,77
060376024022,327,230,97
060376024023,271,188,83
060376024024,295,200,95
060376024025,323,219,104
060376024031,167,128,39
060376024032,253,195,58
060376024033,230,177,53
060376024041,230,164,66
060376024042,205,147,58
060376024043,294,210,84
060376025041,301,246,55
060376025042,194,162,32
060376025051,231,183,48
060376025052,136,111,25
060376025061,233,198,35
060376025062,286,246,40
060376025071,317,268,49
060376025072,261,224,37
060376025101,204,159,45
060376025102,212,167,45
060376025111,203,163,40
060376025112,192,154,38
060376025121,131,88,43
060376025122,161,109,52
060376025131,165,135,30
060376026011,377,342,35
060376026012,325,306,19
060376026013,590,534,56
060376026014,354,321,33
060376026021,493,439,54
060376026022,376,335,41
060376027001,743,654,89
060376027002,786,703,83
060376028011,158,129,29
060376028012,270,230,40
060376028021,323,291,32
060376028022,238,214,24
060376028023,267,243,24
060376028024,383,348,35
060376029001,241,198,43
060376029002,224,185,39
060376029003,236,193,43
060376030041,276,204,72
060376030051,296,241,55
060376030052,267,217,50
060376030053,304,221,83
060376030061,285,201,84
060376030062,120,89,31
060376030071,296,236,60
060376030072,397,306,91
060376030081,142,105,37
060376030082,311,231,80
060376031011,319,230,89
060376031012,315,213,102
060376031013,259,187,72
060376031021,277,187,90
060376031022,251,170,81
060376031023,223,151,72
060376032001,155,105,50
060376032002,306,208,98
060376032003,315,213,102
060376033011,195,132,63
060376033012,291,204,87
060376033013,239,168,71
060376033021,219,148,71
060376033022,464,313,151
060376033023,175,119,56
060376034001,309,213,96
060376034002,321,217,104
060376034003,384,247,137
060376035001,238,149,89
060376035002,321,201,120
060376035003,250,158,92
060376036001,415,270,145
060376036002,229,150,79
060376036003,484,315,169
060376037021,283,183,100
060376037022,272,172,100
060376037023,459,290,169
060376037024,451,278,173
060376037031,400,281,119
060376037032,313,199,114
060376037051,510,359,151
060376037061,182,117,65
060376037062,187,127,60
060376038011,326,245,81
060376038012,138,95,43
060376038013,135,97,38
060376038021,334,223,111
060376038022,213,142,71
060376039011,451,326,125
060376039012,266,193,73
060376039021,341,241,100
060376039022,270,193,77
060376040011,289,184,105
060376040012,275,175,100
060376040013,136,87,49
060376040021,170,107,63
060376040022,312,197,115
060376040023,142,90,52
060376040024,165,104,61
060376041011,205,137,68
060376041012,195,130,65
060376041013,175,117,58
060376041021,210,138,72
060376041022,225,144,81
060376042001,250,224,26
060376042002,305,270,35
060376042003,370,326,44
060376042004,282,248,34
060376099001,263,165,98
060376099002,198,123,75
060376200011,485,279,206
060376200012,520,306,214
060376200013,776,473,303
060376200021,475,288,187
060376200022,596,345,251
060376200023,416,253,163
060376201011,690,421,269
060376201012,897,525,372
060376201013,896,531,365
060376201021,453,266,187
060376201022,281,172,109
060376201023,931,537,394
060376202011,329,193,136
060376202012,326,190,136
060376203011,689,399,290
060376203012,618,357,261
060376203013,642,369,273
060376203014,534,308,226
060376203031,679,408,271
060376203032,624,375,249
060376203033,596,359,237
060376203034,485,291,194
060376203051,284,166,118
060376203052,796,459,337
060376203053,267,154,113
060376203054,327,188,139
060376203055,282,160,122
060376203056,240,138,102
060376203057,551,322,229
060376204001,1059,642,417
060376204002,418,253,165
060376204003,580,351,229
060376204004,670,405,265
060376205011,423,265,158
060376205012,307,205,102
060376205013,459,293,166
060376205014,301,187,114
060376205015,268,166,102
060376205016,431,271,160
060376205211,470,322,148
060376205212,388,265,123
060376205213,244,166,78
060376205214,354,242,112
060376205221,484,322,162
060376205222,751,499,252
060376205223,605,404,201
060376206011,399,264,135
060376206012,498,333,165
060376206013,479,322,157
060376206014,632,423,209
060376206021,426,242,184
060376206022,354,201,153
060376206023,337,191,146
060376206024,567,333,234
060376206025,446,295,151
060376207011,745,497,248
060376207012,710,473,237
060376207013,485,324,161
060376207014,731,459,272
060376207031,407,255,152
060376207032,463,296,167
060376207033,621,402,219
060376207041,818,534,284
060376207042,601,389,212
060376208011,370,231,139
060376208012,524,327,197
060376208013,356,213,143
060376208014,527,328,199
060376208015,359,223,136
060376208021,553,327,226
060376208022,550,324,226
060376208023,520,307,213
060376209011,677,353,324
060376209012,355,185,170
060376209013,348,182,166
060376209041,391,204,187
060376209042,553,288,265
060376209043,472,246,226
060376210011,567,371,196
060376210012,541,356,185
060376210013,879,540,339
060376210051,285,169,116
060376210052,649,396,253
060376210053,362,222,140
060376210054,440,268,172
060376210055,315,187,128
060376210056,449,265,184
060376211021,545,357,188
060376211022,905,595,310
060376211041,726,447,279
060376211042,283,174,109
060376211043,372,229,143
060376211044,918,567,351
060376211045,373,231,142
060376212011,893,558,335
060376212012,866,536,330
060376212013,966,601,365
060376212041,157,95,62
060376212042,195,118,77
060376212043,840,509,331
060376213011,704,452,252
060376213012,827,531,296
060376213013,814,519,295
060376213014,655,391,264
060376213241,619,368,251
060376213242,399,242,157
060376213243,515,302,213
060376213261,366,218,148
060376213262,463,269,194
060376213263,582,346,236
060376214001,767,453,314
060376214002,582,347,235
060376214003,288,170,118
060376214004,470,272,198
060376500011,371,217,154
060376500012,277,162,115
060376500013,652,384,268
060376500014,302,176,126
060376500015,305,178,127
060376500031,498,296,202
060376500032,276,164,112
060376500041,236,140,96
060376500042,188,111,77
060376500043,324,190,134
060376500044,269,154,115
060376501011,559,340,219
060376501012,320,195,125
060376501013,560,333,227
060376501014,423,249,174
060376501021,218,125,93
060376501022,538,308,230
060376502001,402,219,183
060376502002,380,206,174
060376502003,483,275,208
060376502004,650,356,294
060376503001,236,142,94
060376503002,458,277,181
060376503003,378,227,151
060376503004,393,236,157
060376503005,487,316,171
060376504011,420,223,197
060376504012,275,144,131
060376504013,379,197,182
060376504014,404,210,194
060376504015,278,146,132
060376505011,495,232,263
060376505012,354,166,188
060376505013,445,209,236
060376505021,1125,588,537
060376505022,713,373,340
060376506031,886,471,415
060376506032,613,333,280
060376506041,218,138,80
060376506042,226,143,83
060376506043,395,249,146
060376506044,190,120,70
060376506051,650,411,239
060376506061,366,207,159
060376506062,552,312,240
060376506071,643,363,280
060376507011,292,164,128
060376507012,716,396,320
060376507021,531,304,227
060376507022,699,384,315
060376507023,697,377,320
060376508011,717,439,278
060376508012,382,234,148
060376508021,403,246,157
060376508022,389,239,150
060376509011,581,336,245
060376509012,331,193,138
060376509013,478,277,201
060376509014,470,271,199
060376509031,462,261,201
060376509032,428,239,189
060376509033,280,157,123
060376509041,209,120,89
060376509042,433,249,184
060376510011,433,213,220
060376510012,408,214,194
060376510013,620,342,278
060376510014,322,178,144
060376510021,375,183,192
060376510022,499,253,246
060376510023,382,203,179
060376510024,387,206,181
060376511011,1084,626,458
060376511012,847,490,357
060376511021,517,297,220
060376511022,732,424,308
060376512011,514,262,252
060376512012,804,409,395
060376512013,316,160,156
060376512014,597,294,303
060376512211,674,350,324
060376512212,333,191,142
060376512221,756,373,383
060376512222,358,208,150
060376512223,700,409,291
060376513021,477,258,219
060376513022,812,438,374
060376513023,402,211,191
060376513024,418,216,202
060376513025,450,233,217
060376513026,451,244,207
060376513041,383,207,176
060376513042,434,235,199
060376513043,771,417,354
060376513044,363,195,168
060376513045,469,254,215
060376514011,555,286,269
060376514012,476,241,235
060376514021,353,191,162
060376514022,576,323,253
060376514023,780,423,357
060376514024,312,169,143
060376700011,465,242,223
060376700012,546,285,261
060376700021,335,172,163
060376700022,624,323,301
060376700031,204,104,100
060376700032,423,217,206
060376700033,426,218,208
060376700034,655,333,322
060376701011,837,463,374
060376701012,215,117,98
060376701021,657,365,292
060376701022,304,187,117
060376702011,789,388,401
060376702012,1230,598,632
060376702021,1334,618,716
060376703241,565,282,283
060376703242,601,300,301
060376703243,812,374,438
060376703244,763,370,393
060376703261,775,359,416
060376703262,804,380,424
060376703263,355,160,195
060376703281,441,197,244
060376703282,598,268,330
060376703283,1298,626,672
060376704051,890,465,425
060376704052,314,175,139
060376704061,748,415,333
060376704071,740,428,312
060376704072,494,287,207
060376704073,619,360,259
060376704131,896,496,400
060376704132,1070,595,475
060376704161,755,383,372
060376704162,875,445,430
060376704171,1348,718,630
060376704181,973,515,458
060376704182,962,505,457
060376705001,946,311,635
060376706031,821,423,398
060376706041,1431,671,760
060376706042,843,426,417
060376706043,315,162,153
060376707011,809,421,388
060376707012,846,412,434
060376707013,546,265,281
060376707014,435,212,223
060376707021,338,146,192
060376707022,578,267,311
060376707023,536,249,287
060376707024,738,345,393
060376707025,545,257,288
060377001011,521,447,74
060377001012,485,401,84
060377001013,368,311,57
060377001014,520,429,91
060377001015,293,242,51
060377001021,456,383,73
060377001022,528,444,84
060377001023,483,406,77
060377002001,383,332,51
060377002002,661,573,88
060377002003,440,382,58
060377002004,655,555,100
060377002005,356,303,53
060377002006,518,440,78
060377003001,535,460,75
060377003002,758,646,112
060377003003,846,715,131
060377003004,610,505,105
060377004001,667,550,117
060377004002,268,221,47
060377004003,860,709,151
060377004004,424,344,80
060377005011,658,536,122
060377005012,386,324,62
060377005013,521,438,83
060377005021,683,577,106
060377005022,839,706,133
060377005023,414,348,66
060377006001,594,245,349
060377006002,552,229,323
060377006003,351,144,207
060377006004,475,176,299
060377006005,369,152,217
060377007001,455,158,297
060377007002,323,111,212
060377007003,675,234,441
060377008011,353,187,166
060377008012,619,328,291
060377008013,349,184,165
060377008014,251,132,119
060377008021,452,269,183
060377008022,433,254,179
060377008023,295,162,133
060377009011,269,161,108
060377009012,193,115,78
060377009013,292,160,132
060377009014,442,241,201
060377009021,430,250,180
060377009022,512,296,216
060377009023,613,393,220
060377009024,507,326,181
060377010001,230,152,78
060377010002,395,261,134
060377010003,379,251,128
060377010004,743,490,253
060377010005,479,317,162
060377012011,409,286,123
060377012012,528,368,160
060377012013,407,285,122
060377012014,521,364,157
060377012015,376,262,114
060377012021,798,639,159
060377012022,765,617,148
060377013021,732,579,153
060377013022,653,513,140
060377013023,638,497,141
060377013041,835,597,238
060377013042,684,499,185
060377013043,1024,747,277
060377013044,384,279,105
060377014021,387,301,86
060377014022,935,727,208
060377014023,671,522,149
060377014024,563,429,134
060377015011,775,623,152
060377015012,515,404,111
060377015013,823,633,190
060377015021,316,257,59
060377015022,459,373,86
060377015023,498,387,111
060377016011,316,224,92
060377016012,863,623,240
060377016013,320,258,62
060377016014,511,407,104
060377016021,601,501,100
060377016022,649,523,126
060377016023,309,245,64
060377017011,216,169,47
060377017012,477,399,78
060377017013,689,575,114
060377017021,314,255,59
060377017022,416,338,78
060377017023,446,348,98
060377018011,386,303,83
060377018012,249,196,53
060377018013,631,521,110
060377018014,672,548,124
060377018021,502,415,87
060377018022,419,346,73
060377018023,389,325,64
060377018024,309,254,55
060377019021,784,585,199
060377019022,245,182,63
060377019023,506,398,108
060377020021,579,458,121
060377020022,508,410,98
060377020023,683,581,102
060377020024,643,539,104
060377021021,589,469,120
060377021022,284,229,55
060377021023,290,234,56
060377021024,367,292,75
060377021025,296,246,50
060377021026,349,293,56
060377021027,733,584,149
060377022011,506,421,85
060377022012,313,258,55
060377022013,446,368,78
060377022014,383,318,65
060377022015,295,246,49
060377022021,378,305,73
060377022022,369,300,69
060377022023,409,329,80
060377022024,470,380,90
060377022025,332,269,63
060377023001,617,522,95
060377023002,563,466,97
060377023003,510,421,89
060377023004,592,501,91
060377023005,847,711,136
060377024001,566,476,90
060377024002,376,312,64
060377024003,369,310,59
060377024004,515,434,81
060377024005,300,254,46
060377025011,391,320,71
060377025012,346,283,63
060377025013,393,322,71
060377025014,928,748,180
060377025015,376,308,68
060377025021,508,433,75
060377025022,591,473,118
060377025023,864,731,133
060377026001,354,269,85
060377026002,559,424,135
060377026003,394,315,79
060377026004,746,556,190
060377026005,398,305,93
060377026006,569,455,114
060377027001,406,323,83
060377027002,446,354,92
060377027003,349,278,71
060377027004,475,378,97
060377028011,713,560,153
060377028012,474,375,99
060377028013,618,492,126
060377028021,371,295,76
060377028022,472,376,96
060377028031,179,144,35
060377028032,272,218,54
060377028033,514,411,103
060377029001,934,674,260
060377029002,979,741,238
060377029003,1103,797,306
060377029004,542,399,143
060377030021,559,516,43
060377030022,638,561,77
060377030023,1306,1196,110
060377030024,970,860,110
060377030031,828,711,117
060377030032,758,651,107
060377030033,276,209,67
060377030034,494,424,70
060377031001,418,390,28
060377031002,625,584,41
060377031003,509,470,39
060377031004,495,455,40
060377031005,346,325,21
060377031006,275,254,21
060377032001,563,521,42
060377032002,477,440,37
060377032003,352,326,26
060377032004,467,431,36
060377032005,628,592,36
060377032006,437,402,35
060378001011,1480,967,513
060378001012,1148,743,405
060378001031,1134,906,228
060378001032,362,280,82
060378001041,1787,1394,393
060378002021,430,273,157
060378002022,622,347,275
060378002023,1518,885,633
060378002041,854,463,391
060378002042,1254,748,506
060378002051,650,380,270
060378002052,532,311,221
060378002061,890,458,432
060378002062,467,217,250
060378003241,491,300,191
060378003242,1123,682,441
060378003243,768,465,303
060378003244,848,501,347
060378003251,857,457,400
060378003252,946,505,441
060378003281,509,295,214
060378003331,887,530,357
060378003341,408,238,170
060378003342,768,435,333
060378003343,552,311,241
060378003351,789,403,386
060378003352,1091,557,534
060378003353,497,255,242
060378003354,390,225,165
060378003361,897,509,388
060378003362,460,231,229
060378003371,204,124,80
060378003372,957,581,376
060378003381,617,368,249
060378003382,830,490,340
060378003383,675,387,288
060378003384,692,394,298
060378003385,303,162,141
060378004061,416,262,154
060378004062,415,253,162
060378004101,665,434,231
060378004111,692,424,268
060378004112,637,389,248
060378004121,339,207,132
060378004122,1201,735,466
060378005041,936,556,380
060378005061,534,326,208
060378005062,159,95,64
060378005063,658,433,225
060379001021,134,57,77
060379001031,269,141,128
060379001032,297,159,138
060379001033,290,154,136
060379001041,330,159,171
060379001042,312,150,162
060379001043,366,176,190
060379003011,578,306,272
060379005011,295,181,114
060379005012,312,193,119
060379005013,495,287,208
060379005041,251,139,112
060379005042,583,318,265
060379005043,607,351,256
060379005051,287,184,103
060379005052,452,272,180
060379005061,381,243,138
060379005062,354,224,130
060379005081,438,218,220
060379005082,451,224,227
060379005091,334,196,138
060379005092,108,64,44
060379005093,113,66,47
060379005101,189,111,78
060379005102,209,121,88
060379005103,168,98,70
060379006021,238,145,93
060379006022,308,204,104
060379006061,402,249,153
060379006062,98,64,34
060379006071,246,163,83
060379006072,275,167,108
060379006081,348,215,133
060379006082,198,126,72
060379006091,194,118,76
060379006092,268,164,104
060379006093,274,173,101
060379006101,192,107,85
060379006102,294,153,141
060379006111,551,322,229
060379006112,187,109,78
060379007011,220,121,99
060379007012,199,109,90
060379007013,250,138,112
060379007014,183,101,82
060379007031,203,117,86
060379007032,170,110,60
060379007033,304,197,107
060379007041,252,141,111
060379007042,130,64,66
060379007051,392,170,222
060379007052,489,255,234
060379007053,143,75,68
060379008041,244,157,87
060379008042,175,113,62
060379008051,340,167,173
060379008052,480,234,246
060379008053,298,147,151
060379008061,291,202,89
060379008062,394,274,120
060379008071,494,291,203
060379008072,344,175,169
060379008081,330,166,164
060379008082,351,204,147
060379009011,284,155,129
060379009012,447,115,332
060379009021,402,101,301
060379009022,207,57,150
060379010071,346,120,226
060379010072,433,138,295
060379010081,476,236,240
060379010082,148,91,57
060379010091,799,329,470
060379010092,230,98,132
060379010093,723,293,430
060379010101,361,165,196
060379010102,385,173,212
060379010103,314,141,173
060379010104,278,125,153
060379010111,643,275,368
060379010112,429,206,223
060379010113,332,159,173
060379010121,526,253,273
060379010122,920,442,478
060379010131,560,259,301
060379010132,634,289,345
060379010141,407,190,217
060379010142,954,455,499
060379011011,627,211,416
060379011012,848,374,474
060379011021,546,195,351
060379011022,394,140,254
060379011023,573,210,363
060379012091,397,108,289
060379012101,604,165,439
060379012141,759,311,448
060379012142,347,141,206
060379012151,609,226,383
060379012152,728,307,421
060379012161,990,316,674
060379012171,673,142,531
060379012181,975,347,628
060379013001,399,106,293
060379100021,596,258,338
060379100022,353,159,194
060379100023,263,112,151
060379102101,1004,496,508
060379102102,436,186,250
060379102103,856,417,439
060379102111,679,229,450
060379102121,701,204,497
060379102122,463,137,326
060379102131,414,161,253
060379102141,465,267,198
060379102142,519,271,248
060379102143,589,290,299
060379102151,354,198,156
060379102152,700,392,308
060379102153,326,171,155
060379102161,479,202,277
060379102162,899,403,496
060379102171,591,320,271
060379102172,774,438,336
060379102181,490,204,286
060379102182,147,96,51
060379102183,358,154,204
060379103011,627,221,406
060379103012,984,306,678
060379103021,521,183,338
060379103022,433,175,258
060379103023,647,263,384
060379103024,634,256,378
060379104011,36,12,24
060379104012,843,436,407
060379104013,500,286,214
060379104041,186,112,74
060379104042,387,235,152
060379104051,143,90,53
060379104052,165,106,59
060379104053,125,82,43
060379105011,144,100,44
060379105012,126,85,41
060379105013,142,100,42
060379105021,192,125,67
060379105022,234,163,71
060379105041,209,129,80
060379105042,267,165,102
060379105043,80,50,30
060379105051,197,120,77
060379105052,259,160,99
060379106011,194,116,78
060379106012,193,115,78
060379106013,298,178,120
060379106021,282,196,86
060379106022,223,157,66
060379106051,348,219,129
060379106052,295,186,109
060379106061,315,200,115
060379106062,135,84,51
060379106071,241,148,93
060379106072,331,232,99
060379106081,245,138,107
060379106082,193,110,83
060379107061,453,308,145
060379107062,418,287,131
060379107071,162,91,71
060379107072,668,407,261
060379107091,487,190,297
060379107121,518,326,192
060379107131,350,221,129
060379107132,249,169,80
060379107133,327,222,105
060379107141,365,241,124
060379107142,173,114,59
060379107151,415,265,150
060379107152,275,175,100
060379107153,443,281,162
060379107161,557,327,230
060379107162,602,361,241
060379107171,448,286,162
060379107181,365,248,117
060379107182,209,135,74
060379107183,333,228,105
060379107191,170,115,55
060379107192,478,325,153
060379107201,434,282,152
060379107202,265,171,94
060379107211,339,221,118
060379107212,160,109,51
060379108041,1346,339,1007
060379108071,963,432,531
060379108072,961,502,459
060379108081,745,327,418
060379108082,558,249,309
060379108091,1062,365,697
060379108101,1042,444,598
060379108141,786,224,562
060379108142,747,212,535
060379108151,701,179,522
060379108152,1087,295,792
060379108153,234,76,158
060379110011,470,171,299
060379110012,210,75,135
060379110013,518,198,320
060379111001,286,174,112
060379111002,364,204,160
060379111003,362,202,160
060379200131,613,276,337
060379200132,1335,655,680
060379200133,967,458,509
060379200151,1347,538,809
060379200152,1376,555,821
060379200161,466,217,249
060379200162,1572,660,912
060379200171,566,228,338
060379200172,612,269,343
060379200173,546,238,308
060379200181,402,164,238
060379200182,600,245,355
060379200201,948,390,558
060379200202,1099,435,664
060379200203,691,286,405
060379200281,1155,581,574
060379200282,396,212,184
060379200283,874,407,467
060379200291,689,331,358
060379200292,379,173,206
060379200293,159,73,86
060379200301,332,186,146
060379200302,688,387,301
060379200303,892,473,419
060379200311,138,85,53
060379200312,1118,567,551
060379200313,510,258,252
060379200314,730,374,356
060379200341,1414,706,708
060379200342,304,143,161
060379200351,435,251,184
060379200352,603,317,286
060379200353,197,115,82
060379200354,314,171,143
060379200355,306,152,154
060379200381,571,286,285
060379200382,374,185,189
060379200391,636,314,322
060379200401,1083,532,551
060379200411,880,465,415
060379200421,561,283,278
060379200422,387,208,179
060379200423,342,198,144
060379200424,362,210,152
060379200425,442,256,186
060379200431,1637,779,858
060379200432,1287,730,557
060379200441,805,363,442
060379200442,207,79,128
060379200451,332,130,202
060379200452,1280,569,711
060379200453,348,154,194
060379200461,337,198,139
060379200471,196,122,74
060379200472,142,89,53
060379200473,172,106,66
060379200481,612,325,287
060379200482,430,199,231
060379200483,349,162,187
060379200491,300,121,179
060379200492,1967,866,1101
060379200501,447,162,285
060379201021,304,134,170
060379201022,191,57,134
060379201023,937,407,530
060379201041,1184,371,813
060379201061,837,387,450
060379201091,1077,501,576
060379201092,1034,498,536
060379201093,370,172,198
060379201101,615,273,342
060379201102,737,328,409
060379201111,660,297,363
060379201112,694,334,360
060379201121,542,259,283
060379201122,709,337,372
060379201123,579,270,309
060379201141,641,281,360
060379201142,657,339,318
060379201143,352,175,177
060379201144,363,179,184
060379201151,510,234,276
060379201152,508,226,282
060379201153,800,425,375
060379201161,332,127,205
060379201162,742,284,458
060379201163,960,381,579
060379201181,585,228,357
060379201182,719,296,423
060379201183,1037,459,578
060379201191,786,314,472
060379201201,954,464,490
060379201202,388,193,195
060379201211,951,505,446
060379201212,1005,534,471
060379201213,1035,563,472
060379203031,502,292,210
060379203121,460,198,262
060379203122,849,366,483
060379203123,733,363,370
060379203131,638,302,336
060379203132,559,267,292
060379203133,929,417,512
060379203141,734,331,403
060379203142,525,233,292
060379203221,434,221,213
060379203222,846,431,415
060379203261,1108,506,602
060379203262,375,201,174
060379203263,823,442,381
060379203281,746,370,376
060379203291,577,279,298
060379203292,1049,507,542
060379203293,722,350,372
060379203301,613,314,299
060379203302,425,213,212
060379203303,627,318,309
060379203304,662,309,353
060379203311,682,335,347
060379203312,649,318,331
060379203313,434,213,221
060379203321,437,139,298
060379203322,391,125,266
060379203341,373,183,190
060379203342,631,321,310
060379203343,814,394,420
060379203344,811,394,417
060379203381,597,320,277
060379203382,943,492,451
060379203383,715,373,342
060379203391,1434,724,710
060379203392,1254,651,603
060379203393,372,238,134
060379203401,238,128,110
060379203402,250,134,116
060379203411,156,83,73
060379203412,144,84,60
060379203421,179,112,67
060379203422,123,78,45
060379203431,242,153,89
060379203432,282,178,104
060379304001,36,21,15
060379304002,139,79,60
060379304003,174,79,95
060379800011,1,1,0
060379800021,0,0,0
060379800031,0,0,0
060379800041,2,0,2
060379800071,2,1,1
060379800081,18,13,5
060379800091,5,4,1
060379800101,51,42,9
060379800111,15,11,4
060379800121,0,0,0
060379800131,2,2,0
060379800141,28,19,9
060379800151,187,118,69
060379800161,48,36,12
060379800171,118,72,46
060379800181,2,0,2
060379800191,0,0,0
060379800211,11,4,7
060379800231,10,6,4
060379800241,74,54,20
060379800251,107,86,21
060379800261,2,1,1
060379800281,20,17,3
060379800311,51,34,17
060379800331,19,14,5
060379800341,6,1,5
060379800351,79,42,37
060379800361,103,67,36
060379800371,1,1,0
060390001021,295,82,213
060390001022,304,93,211
060390001023,481,147,334
060390001024,352,106,246
060390001025,440,134,306
060390001031,516,191,325
060390001032,452,135,317
060390001033,615,185,430
060390001034,679,204,475
060390001041,364,111,253
060390001042,569,172,397
060390001043,311,96,215
060390001044,653,196,457
060390001061,1087,353,734
060390001062,678,219,459
060390001063,589,189,400
060390001091,749,233,516
060390001092,310,96,214
060390001101,391,121,270
060390001102,784,239,545
060390001103,537,164,373
060390001104,284,86,198
060390001111,525,161,364
060390001112,524,159,365
060390002011,120,52,68
060390002012,138,46,92
060390002031,151,31,120
060390002032,181,48,133
060390002041,412,128,284
060390002042,188,49,139
060390002043,763,258,505
060390003011,262,77,185
060390003012,230,76,154
060390003013,147,49,98
060390003021,270,90,180
060390003022,374,124,250
060390003023,138,46,92
060390003024,137,45,92
060390003025,127,43,84
060390005061,445,160,285
060390005062,398,180,218
060390005063,502,190,312
060390005091,794,191,603
060390005092,419,100,319
060390005093,516,138,378
060390005094,991,236,755
060390005101,295,156,139
060390005102,395,200,195
060390005111,215,97,118
060390005112,370,172,198
060390005113,331,164,167
060390005121,619,272,347
060390005122,643,247,396
060390005131,621,240,381
060390005132,208,75,133
060390005133,356,188,168
060390005141,209,63,146
060390005142,551,156,395
060390005143,249,163,86
060390005144,133,58,75
060390005151,220,105,115
060390005152,606,230,376
060390005161,1010,242,768
060390005171,380,130,250
060390005181,122,65,57
060390005182,132,70,62
060390006021,127,84,43
060390006022,100,69,31
060390006023,103,73,30
060390006031,155,106,49
060390006032,76,50,26
060390006033,176,113,63
060390006041,128,87,41
060390006042,101,71,30
060390006043,168,117,51
060390007011,845,335,510
060390007012,546,211,335
060390007021,763,312,451
060390007022,394,171,223
060390007023,294,125,169
060390007024,165,72,93
060390008011,127,58,69
060390008012,208,111,97
060390008021,114,45,69
060390008022,62,41,21
060390008023,49,33,16
060390008024,65,36,29
060390009011,102,68,34
060390009012,106,69,37
060390009021,94,59,35
060390009022,368,228,140
060390009031,99,65,34
060390009032,210,130,80
060390011001,217,58,159
060390011002,2460,753,1707
060390011003,231,71,160
060390011004,218,76,142
060390011005,233,64,169
060411011001,1501,1004,497
060411012001,1355,941,414
060411021001,1293,906,387
060411022021,806,559,247
060411022022,611,451,160
060411022023,929,641,288
060411022024,348,263,85
060411022031,480,354,126
060411022032,604,445,159
060411022033,712,525,187
060411031001,1057,716,341
060411031002,935,631,304
060411031003,1212,816,396
060411031004,812,558,254
060411032001,398,304,94
060411032002,676,477,199
060411032003,1222,868,354
060411032004,327,231,96
060411041021,897,665,232
060411041022,415,307,108
060411041023,469,348,121
060411041031,801,592,209
060411041032,702,519,183
060411041041,422,306,116
060411041042,551,402,149
060411041043,980,722,258
060411042001,835,598,237
060411042002,837,649,188
060411042003,954,642,312
060411043001,926,645,281
060411050011,256,199,57
060411050012,316,245,71
060411050013,371,279,92
060411050014,226,176,50
060411050021,457,357,100
060411050022,912,710,202
060411060011,478,375,103
060411060012,926,728,198
060411060021,1015,825,190
060411060022,872,704,168
060411060023,616,498,118
060411070001,848,693,155
060411070002,484,395,89
060411070003,443,363,80
060411070004,766,625,141
060411070005,822,669,153
060411081001,1639,1353,286
060411081002,693,571,122
060411081003,703,565,138
060411081004,628,519,109
060411082011,270,217,53
060411082012,619,497,122
060411082021,872,715,157
060411082022,475,366,109
060411082023,555,448,107
060411090011,435,358,77
060411090012,600,505,95
060411090013,458,393,65
060411090021,868,735,133
060411090022,942,793,149
060411090023,352,296,56
060411101001,867,675,192
060411101002,963,739,224
060411101003,575,465,110
060411101004,201,161,40
060411102001,1433,1063,370
060411102002,590,439,151
060411102003,1229,910,319
060411110011,430,367,63
060411110021,668,580,88
060411110022,351,294,57
060411110023,907,780,127
060411121001,134,116,18
060411121002,545,470,75
060411121003,498,432,66
060411121004,554,481,73
060411122021,644,522,122
060411122022,136,111,25
060411122023,109,87,22
060411122031,57,46,11
060411122032,86,69,17
060411122041,114,91,23
060411122042,130,104,26
060411130001,469,408,61
060411130002,676,589,87
060411130003,987,862,125
060411141001,1140,1045,95
060411141002,974,865,109
060411141003,867,770,97
060411142001,1100,978,122
060411142002,623,554,69
060411150001,1060,885,175
060411150002,919,710,209
060411150003,1137,970,167
060411150004,979,833,146
060411160001,914,777,137
060411160002,816,696,120
060411170001,648,562,86
060411170002,421,363,58
060411170003,834,711,123
060411170004,635,548,87
060411181001,429,311,118
060411181002,795,576,219
060411191001,354,247,107
060411191002,586,452,134
060411191003,442,339,103
060411191004,574,442,132
060411191005,546,420,126
060411192011,707,591,116
060411192012,939,762,177
060411192021,932,758,174
060411192022,962,748,214
060411200011,658,540,118
060411200021,614,500,114
060411200022,572,469,103
060411200023,1027,835,192
060411200024,636,518,118
060411211001,770,648,122
060411211002,420,353,67
060411211003,623,524,99
060411211004,567,475,92
060411211005,412,346,66
060411212001,602,465,137
060411212002,665,531,134
060411212003,921,763,158
060411212004,411,336,75
060411212005,213,171,42
060411220001,10,8,2
060411230001,484,323,161
060411230002,823,550,273
060411241001,363,287,76
060411241002,677,465,212
060411241003,384,279,105
060411241004,238,195,43
060411241005,1087,841,246
060411242001,894,675,219
060411242002,491,371,120
060411242003,630,457,173
060411242004,885,668,217
060411250001,561,449,112
060411250002,560,449,111
060411250003,719,575,144
060411261001,869,757,112
060411261002,733,643,90
060411261003,570,489,81
060411261004,495,431,64
060411261005,521,461,60
060411262001,1028,878,150
060411262002,913,798,115
060411262003,378,332,46
060411270001,648,562,86
060411270002,327,289,38
060411270003,438,387,51
060411270004,517,457,60
060411270005,638,563,75
060411281001,1116,951,165
060411281002,1006,874,132
060411281003,1426,1252,174
060411282001,334,293,41
060411282002,1268,1125,143
060411282003,1114,975,139
060411290001,377,333,44
060411290002,387,343,44
060411302011,570,469,101
060411302012,643,528,115
060411302013,637,523,114
060411302031,926,762,164
060411302041,567,485,82
060411302042,471,389,82
060411302043,589,484,105
060411311001,546,484,62
060411321001,300,272,28
060411321002,769,700,69
060411322001,413,386,27
060411322002,379,309,70
060411322003,150,122,28
060411330001,367,245,122
060411330002,278,218,60
060411330003,374,303,71
060411330004,394,319,75
060430001011,342,177,165
060430001012,461,200,261
060430001013,458,205,253
060430001014,231,60,171
060430001021,623,226,397
060430001022,689,191,498
060430002001,798,208,590
060430002002,311,104,207
060430002003,306,102,204
060430003011,501,167,334
060430003012,807,252,555
060430003013,555,208,347
060430003021,449,207,242
060430003022,411,136,275
060430003023,430,145,285
060430004001,364,303,61
060430004002,104,53,51
060450101001,196,125,71
060450101002,158,93,65
060450101003,183,101,82
060450102001,315,222,93
060450102002,445,314,131
060450102003,341,196,145
060450102004,246,162,84
060450103001,299,209,90
060450103002,283,194,89
060450103003,490,309,181
060450103004,556,337,219
060450103005,254,173,81
060450104001,200,144,56
060450104002,285,215,70
060450104003,250,169,81
060450104004,520,344,176
060450105001,284,200,84
060450105002,298,200,98
060450105003,278,189,89
060450105004,164,113,51
060450105005,244,169,75
060450106011,393,201,192
060450106012,388,256,132
060450106013,329,164,165
060450106021,519,327,192
060450106022,694,391,303
060450106023,429,237,192
060450107001,164,95,69
060450107002,542,314,228
060450107003,310,191,119
060450107004,210,129,81
060450107005,229,143,86
060450107006,194,113,81
060450107007,220,105,115
060450108011,263,129,134
060450108012,457,188,269
060450108013,628,279,349
060450108014,236,95,141
060450108015,474,204,270
060450108021,355,161,194
060450108022,361,150,211
060450109001,400,232,168
060450109002,137,64,73
060450109003,549,281,268
060450109004,265,116,149
060450110011,517,434,83
060450110012,508,433,75
060450110031,372,269,103
060450110032,278,194,84
060450110033,710,482,228
060450110041,426,364,62
060450110042,492,399,93
060450110043,640,511,129
060450111021,368,262,106
060450111022,438,357,81
060450111023,1044,852,192
060450112001,563,415,148
060450112002,355,259,96
060450112003,250,185,65
060450113001,486,253,233
060450113002,403,206,197
060450113003,422,203,219
060450113004,321,169,152
060450114001,531,378,153
060450114002,313,203,110
060450114003,468,289,179
060450114004,235,125,110
060450114005,166,109,57
060450115011,318,220,98
060450115012,377,206,171
060450115013,301,173,128
060450115021,234,135,99
060450115022,133,81,52
060450115023,355,186,169
060450116001,506,338,168
060450116002,265,151,114
060450116003,260,139,121
060450116004,208,131,77
060450117001,485,270,215
060450117002,365,183,182
060450117003,282,159,123
060450117004,226,126,100
060450117005,74,26,48
060450118001,406,255,151
060450118002,258,158,100
060470002011,383,96,287
060470002012,382,148,234
060470002021,344,133,211
060470002041,275,138,137
060470002042,169,87,82
060470002043,293,146,147
060470002051,224,114,110
060470002052,183,104,79
060470002053,208,119,89
060470003011,176,116,60
060470003012,206,138,68
060470003013,477,245,232
060470003031,220,75,145
060470003032,174,51,123
060470003051,561,334,227
060470003052,428,233,195
060470003053,200,121,79
060470003061,291,189,102
060470003062,115,75,40
060470003063,93,61,32
060470004011,364,87,277
060470004031,374,67,307
060470004032,708,157,551
060470004041,465,73,392
060470004042,932,180,752
060470005031,468,115,353
060470005041,211,106,105
060470005042,212,118,94
060470005043,266,138,128
060470005051,480,140,340
060470005052,137,65,72
060470005053,403,220,183
060470006011,265,107,158
060470006012,289,130,159
060470006013,154,83,71
060470006014,423,155,268
060470006021,429,176,253
060470006022,383,157,226
060470006031,553,177,376
060470006032,333,121,212
060470006033,282,130,152
060470006034,154,72,82
060470006035,91,42,49
060470007011,250,138,112
060470007012,170,94,76
060470007021,627,151,476
060470007022,786,217,569
060470007023,765,242,523
060470008011,432,206,226
060470008012,472,214,258
060470008013,421,195,226
060470008021,513,210,303
060470008022,556,243,313
060470009011,307,47,260
060470009012,180,27,153
060470009013,215,48,167
060470009031,377,214,163
060470009032,411,138,273
060470009041,615,241,374
060470009042,378,196,182
060470010031,165,99,66
060470010032,255,166,89
060470010033,158,102,56
060470010041,193,140,53
060470010042,338,175,163
060470010043,352,174,178
060470010051,391,226,165
060470010061,557,300,257
060470010062,404,192,212
060470010063,547,280,267
060470010071,546,327,219
060470010072,591,318,273
060470010081,415,227,188
060470010082,721,390,331
060470010083,439,241,198
060470011011,454,204,250
060470011012,419,204,215
060470011013,519,248,271
060470011014,482,213,269
060470012001,336,167,169
060470012002,478,230,248
060470012003,305,135,170
060470012004,544,220,324
060470013011,118,62,56
060470013012,327,189,138
060470013013,185,116,69
060470013021,170,88,82
060470013022,178,113,65
060470013023,155,95,60
060470014011,356,177,179
060470014012,356,171,185
060470014021,296,136,160
060470014022,233,100,133
060470014023,483,228,255
060470014024,277,136,141
060470015011,448,241,207
060470015021,114,79,35
060470015022,119,86,33
060470015031,148,103,45
060470015032,139,96,43
060470015033,125,90,35
060470016011,90,62,28
060470016012,76,57,19
060470016013,61,45,16
060470016031,133,90,43
060470016032,138,96,42
060470016033,126,85,41
060470016041,291,182,109
060470016042,260,172,88
060470017001,216,87,129
060470017002,192,95,97
060470017003,251,132,119
060470017004,322,174,148
060470018011,1353,594,759
060470019011,289,104,185
060470019012,111,62,49
060470019013,174,89,85
060470019014,181,113,68
060470019021,269,143,126
060470019022,253,48,205
060470020011,381,103,278
060470020021,344,113,231
060470020022,368,155,213
060470020023,156,63,93
060470020024,315,141,174
060470020025,320,127,193
060470021001,324,85,239
060470021002,165,30,135
060470021003,293,121,172
060470022011,121,51,70
060470022012,233,87,146
060470022013,194,92,102
060470022014,247,117,130
060470022015,342,161,181
060470022031,251,135,116
060470022032,356,224,132
060470022033,253,156,97
060470022041,435,271,164
060470022042,323,182,141
060470022043,127,72,55
060470023011,547,206,341
060470023012,370,139,231
060470023013,657,321,336
060470023014,598,276,322
060470023031,545,257,288
060470023032,106,58,48
060470023033,447,272,175
060470023041,567,326,241
060470023051,309,172,137
060470023052,519,342,177
060470023061,500,313,187
060470024011,369,74,295
060470024031,122,81,41
060470024032,372,146,226
060470024041,281,158,123
060470024042,133,68,65
060470024043,459,193,266
060470025001,268,60,208
060470025002,497,155,342
060470026011,235,125,110
060470026012,336,157,179
060470026021,165,54,111
060470026022,510,213,297
060470026023,938,474,464
060490001001,301,50,251
060490001002,223,50,173
060490001003,228,56,172
060490001004,432,93,339
060490002001,245,38,207
060490002002,366,55,311
060490003001,274,41,233
060490003002,358,62,296
060490003003,444,98,346
060490004001,282,74,208
060490004002,259,70,189
060510001011,490,161,329
060510001012,274,151,123
060510001013,297,192,105
060510001014,543,287,256
060510001021,109,34,75
060510001022,223,70,153
060510001023,255,86,169
060510001024,198,134,64
060510002011,400,253,147
060510002012,187,123,64
060510002013,278,157,121
060510002021,288,184,104
060510002022,163,102,61
060510002023,269,168,101
060510002024,333,222,111
060510002025,262,169,93
060530001011,0,0,0
060530001012,245,128,117
060530001013,242,126,116
060530001031,399,254,145
060530001032,262,178,84
060530001033,31,22,9
060530001041,514,315,199
060530001042,444,273,171
060530001051,575,372,203
060530001052,322,212,110
060530001061,334,230,104
060530001062,341,223,118
060530001063,360,237,123
060530002001,274,155,119
060530002002,320,181,139
060530002003,270,189,81
060530002004,203,158,45
060530003001,438,276,162
060530003002,442,267,175
060530004001,132,89,43
060530004002,273,187,86
060530004003,36,24,12
060530004004,206,140,66
060530004005,182,124,58
060530005011,91,76,15
060530005012,75,45,30
060530005013,90,74,16
060530005021,280,198,82
060530005022,278,191,87
060530006001,182,132,50
060530006002,88,70,18
060530006003,143,113,30
060530006004,112,88,24
060530007011,110,84,26
060530007012,86,65,21
060530007013,84,65,19
060530007014,43,33,10
060530007021,90,70,20
060530007022,39,30,9
060530007023,146,115,31
060530008001,183,140,43
060530008002,171,126,45
060530008003,133,102,31
060530009001,124,99,25
060530009002,52,42,10
060530009003,205,145,60
060530012001,717,410,307
060530012002,450,265,185
060530013001,117,82,35
060530013002,164,114,50
060530014001,406,267,139
060530014002,387,217,170
060530015001,730,413,317
060530015002,574,297,277
060530015003,749,407,342
060530016001,555,307,248
060530016002,401,222,179
060530017001,434,270,164
060530017002,461,282,179
060530018011,270,181,89
060530018012,651,413,238
060530018013,7,3,4
060530018021,241,170,71
060530018022,179,127,52
060530018023,342,259,83
060530101011,217,143,74
060530101012,57,41,16
060530101013,134,87,47
060530101021,492,299,193
060530101022,700,387,313
060530102021,266,166,100
060530102022,506,288,218
060530102023,502,279,223
060530103051,639,341,298
060530103052,720,370,350
060530103053,273,140,133
060530103061,357,181,176
060530104001,230,179,51
060530104002,207,161,46
060530104003,173,113,60
060530104004,156,123,33
060530105011,433,215,218
060530105012,373,173,200
060530105013,1594,710,884
060530105041,387,280,107
060530105042,167,121,46
060530105043,192,119,73
060530105044,1,1,0
060530105051,360,224,136
060530105052,299,214,85
060530105053,140,99,41
060530105061,279,178,101
060530105062,81,58,23
060530105063,73,52,21
060530106031,292,197,95
060530106032,650,429,221
060530106033,508,337,171
060530106034,409,259,150
060530106041,376,267,109
060530106042,322,235,87
060530106043,185,143,42
060530106051,266,203,63
060530106052,290,222,68
060530106061,668,352,316
060530106062,313,241,72
060530106063,504,392,112
060530106071,71,55,16
060530106072,147,113,34
060530106081,39,30,9
060530106082,132,95,37
060530107021,1175,534,641
060530107022,1143,550,593
060530108041,142,92,50
060530108042,84,26,58
060530108043,287,182,105
060530108044,201,126,75
060530109001,13,8,5
060530110011,719,488,231
060530110012,742,503,239
060530110013,494,360,134
060530110021,969,650,319
060530110022,413,249,164
060530111011,251,84,167
060530111031,145,111,34
060530111032,276,214,62
060530111041,532,327,205
060530111042,285,219,66
060530111051,740,506,234
060530111052,392,268,124
060530111061,387,247,140
060530112021,362,255,107
060530112022,220,154,66
060530112023,103,72,31
060530112024,174,119,55
060530112031,187,133,54
060530112032,270,189,81
060530112033,324,246,78
060530112041,113,40,73
060530112042,348,254,94
060530112043,51,35,16
060530113021,109,61,48
060530113022,122,69,53
060530113023,208,98,110
060530113031,130,55,75
060530113032,457,166,291
060530113033,293,101,192
060530113051,70,34,36
060530113054,448,244,204
060530113061,152,105,47
060530113062,99,62,37
060530114001,687,157,530
060530114002,453,143,310
060530115021,545,452,93
060530116041,778,499,279
060530116042,419,267,152
060530116051,833,561,272
060530116052,852,542,310
060530116061,511,314,197
060530116062,913,548,365
060530117001,600,399,201
060530117002,826,540,286
060530117003,603,382,221
060530118011,467,311,156
060530118012,520,345,175
060530118021,504,318,186
060530118022,426,268,158
060530119011,373,213,160
060530119012,319,173,146
060530119013,682,366,316
060530119021,575,326,249
060530119022,433,244,189
060530120001,838,649,189
060530120002,695,515,180
060530121001,518,382,136
060530121002,573,429,144
060530122001,896,691,205
060530122002,472,352,120
060530123021,536,406,130
060530123022,402,305,97
060530124011,530,404,126
060530124012,309,236,73
060530124021,290,207,83
060530124022,728,525,203
060530124023,473,348,125
060530125031,503,374,129
060530125032,340,253,87
060530125033,234,173,61
060530125041,507,369,138
060530125042,397,289,108
060530126011,8,4,4
060530127001,269,193,76
060530127002,282,200,82
060530127003,433,321,112
060530127004,473,352,121
060530128001,598,428,170
060530128002,736,511,225
060530128003,633,435,198
060530128004,377,270,107
060530128005,399,287,112
060530130001,243,178,65
060530130002,291,214,77
060530130003,1,1,0
060530130004,635,445,190
060530131001,28,18,10
060530131002,84,55,29
060530132001,1296,650,646
060530132002,1158,743,415
060530133001,565,385,180
060530133002,390,263,127
060530133003,525,355,170
060530133004,298,201,97
060530134001,893,581,312
060530135001,274,196,78
060530135002,502,326,176
060530135003,698,494,204
060530136001,469,319,150
060530136002,280,200,80
060530136003,165,112,53
060530137001,200,152,48
060530137002,214,162,52
060530137003,175,127,48
060530138001,432,321,111
060530138002,585,457,128
060530138003,349,286,63
060530139001,481,351,130
060530139002,281,205,76
060530140001,356,243,113
060530140002,206,142,64
060530141022,807,548,259
060530141023,395,274,121
060530141041,28,27,1
060530141051,66,57,9
060530141052,357,247,110
060530141053,646,557,89
060530141081,878,572,306
060530141091,190,124,66
060530141092,217,142,75
060530141093,536,370,166
060530141094,6,4,2
060530141101,977,415,562
060530141102,1486,726,760
060530141103,774,334,440
060530141104,352,192,160
060530142011,422,279,143
060530142012,525,359,166
060530142013,490,333,157
060530142021,235,159,76
060530142022,853,563,290
060530143011,606,428,178
060530143012,485,301,184
060530143021,839,568,271
060530143022,454,281,173
060530145001,177,94,83
060530145002,619,341,278
060530145003,622,323,299
060530146011,342,223,119
060530146012,430,283,147
060530146013,218,142,76
060530147001,253,158,95
060530147002,763,462,301
060530147003,367,216,151
060530147004,450,301,149
060530148001,191,97,94
060530148002,211,124,87
060530148003,340,217,123
060530148004,382,244,138
060539800001,3,2,1
060552002011,342,263,79
060552002012,465,340,125
060552002013,331,231,100
060552002021,213,165,48
060552002022,146,115,31
060552002023,427,335,92
060552002031,386,279,107
060552002032,303,234,69
060552003011,868,621,247
060552003012,329,232,97
060552003013,508,354,154
060552003021,693,453,240
060552003022,366,244,122
060552004001,786,499,287
060552004002,659,503,156
060552004003,380,285,95
060552005011,329,212,117
060552005012,247,148,99
060552005013,603,437,166
060552005031,367,266,101
060552005032,98,74,24
060552005041,413,290,123
060552005042,373,261,112
060552005043,333,225,108
060552005044,642,450,192
060552005051,296,218,78
060552005052,336,229,107
060552006011,705,406,299
060552006012,450,258,192
060552006013,437,279,158
060552006014,315,198,117
060552006021,424,265,159
060552006022,583,381,202
060552006023,393,275,118
060552006024,541,342,199
060552007031,1282,767,515
060552007032,507,292,215
060552007041,791,506,285
060552007042,542,340,202
060552007043,380,237,143
060552007051,756,462,294
060552007052,302,183,119
060552007061,546,334,212
060552007062,640,395,245
060552007063,477,300,177
060552007071,769,484,285
060552007072,682,426,256
060552008021,253,183,70
060552008022,622,408,214
060552008023,1237,863,374
060552008031,312,214,98
060552008032,701,429,272
060552008041,282,196,86
060552008042,302,230,72
060552008043,200,153,47
060552008044,253,172,81
060552009001,35,18,17
060552010031,322,167,155
060552010032,504,358,146
060552010033,688,487,201
060552010041,632,461,171
060552010042,528,400,128
060552010043,557,383,174
060552010051,415,267,148
060552010052,449,284,165
060552010061,482,298,184
060552010062,530,334,196
060552010071,706,470,236
060552010072,606,403,203
060552011011,763,484,279
060552011012,439,274,165
060552011021,528,329,199
060552011022,371,192,179
060552012001,432,261,171
060552012002,853,504,349
060552012003,905,527,378
060552013001,497,342,155
060552013002,498,348,150
060552013003,280,171,109
060552014011,435,204,231
060552014012,789,417,372
060552014013,494,275,219
060552014021,419,241,178
060552014022,381,211,170
060552014023,772,416,356
060552014031,377,158,219
060552015001,458,296,162
060552015002,337,198,139
060552016011,462,344,118
060552016012,348,233,115
060552016021,547,383,164
060552016022,218,149,69
060552016023,341,236,105
060552016024,512,356,156
060552017001,208,112,96
060552017002,339,189,150
060552017003,295,145,150
060552017004,362,207,155
060552017005,164,107,57
060552017006,159,94,65
060552018001,276,115,161
060552018002,278,101,177
060552019001,284,178,106
060552019002,212,133,79
060552020001,344,247,97
060552020002,326,230,96
060552020003,451,322,129
060552020004,577,437,140
060570001021,814,335,479
060570001022,859,397,462
060570001023,1138,483,655
060570001024,823,346,477
060570001041,362,156,206
060570001042,775,347,428
060570001043,647,256,391
060570001051,455,186,269
060570001052,352,135,217
060570001053,624,226,398
060570001061,513,177,336
060570001062,693,238,455
060570001071,541,174,367
060570001072,687,261,426
060570001073,621,221,400
060570001074,327,116,211
060570001075,955,340,615
060570002001,531,233,298
060570002002,852,332,520
060570003001,448,182,266
060570003002,842,387,455
060570004011,426,188,238
060570004012,965,435,530
060570004013,960,434,526
060570004014,969,436,533
060570004031,842,322,520
060570004041,766,298,468
060570004042,708,299,409
060570004043,978,425,553
060570005021,369,230,139
060570005022,500,278,222
060570005023,741,392,349
060570005024,494,267,227
060570005031,644,360,284
060570005041,468,264,204
060570005042,536,296,240
060570005043,269,137,132
060570005044,485,275,210
060570005045,254,159,95
060570006011,519,279,240
060570006021,560,331,229
060570006022,333,192,141
060570006023,777,393,384
060570006024,267,153,114
060570007011,517,261,256
060570007012,717,331,386
060570007013,735,448,287
060570007014,554,244,310
060570007015,792,360,432
060570007016,1030,596,434
060570007021,1130,519,611
060570007022,1173,520,653
060570008011,868,563,305
060570008012,1063,668,395
060570008013,1061,643,418
060570008021,519,310,209
060570008022,1349,967,382
060570008023,607,461,146
060570008024,1017,597,420
060570008025,371,214,157
060570009001,736,548,188
060570009002,674,389,285
060570009003,340,173,167
060570009004,317,175,142
060570012051,1014,674,340
060570012052,988,680,308
060570012053,335,235,100
060570012071,288,201,87
060570012072,694,510,184
060570012073,729,519,210
060570012074,319,221,98
060570012081,409,309,100
060570012082,522,386,136
060570012091,323,220,103
060570012092,438,330,108
060570012101,300,222,78
060570012102,250,177,73
060570012103,311,220,91
060570012111,213,146,67
060570012112,344,247,97
060590011011,473,220,253
060590011012,305,133,172
060590011013,356,159,197
060590011014,339,150,189
060590011021,307,145,162
060590011022,299,141,158
060590011023,351,162,189
060590011031,267,124,143
060590011032,338,180,158
060590011033,318,160,158
060590012011,256,135,121
060590012012,241,133,108
060590012013,284,152,132
060590012021,258,151,107
060590012022,181,107,74
060590012023,176,100,76
060590013011,334,186,148
060590013012,711,323,388
060590013013,356,165,191
060590013014,252,139,113
060590013015,417,233,184
060590013031,394,222,172
060590013032,409,235,174
060590013033,356,212,144
060590013041,166,115,51
060590013042,486,280,206
060590014011,515,217,298
060590014012,282,121,161
060590014013,336,149,187
060590014014,205,120,85
060590014021,567,267,300
060590014022,398,188,210
060590014023,478,225,253
060590014031,543,228,315
060590014032,703,311,392
060590014041,386,186,200
060590014042,140,82,58
060590014043,191,112,79
060590015011,836,359,477
060590015012,1079,425,654
060590015013,840,332,508
060590015031,317,152,165
060590015032,342,164,178
060590015033,410,174,236
060590015034,456,166,290
060590015035,274,133,141
060590015041,450,216,234
060590015042,490,202,288
060590015043,338,162,176
060590015044,364,217,147
060590015051,369,202,167
060590015052,944,396,548
060590015053,854,362,492
060590015054,568,250,318
060590015061,796,316,480
060590015062,979,437,542
060590015071,492,280,212
060590015072,294,140,154
060590015073,693,334,359
060590016021,382,153,229
060590016022,509,202,307
060590016023,400,159,241
060590016024,571,276,295
060590016025,260,129,131
060590016031,1107,533,574
060590016032,470,231,239
060590016041,377,147,230
060590016042,461,200,261
060590016043,401,166,235
060590016044,421,173,248
060590017041,395,169,226
060590017042,582,290,292
060590017043,591,295,296
060590017044,392,195,197
060590017051,593,284,309
060590017052,291,138,153
060590017053,407,167,240
060590017061,478,200,278
060590017062,403,197,206
060590017063,413,156,257
060590017064,416,172,244
060590017081,343,163,180
060590017082,469,223,246
060590017083,566,242,324
060590017091,758,362,396
060590017101,441,242,199
060590017102,399,204,195
060590017103,497,253,244
060590018011,297,161,136
060590018012,207,103,104
060590018013,214,94,120
060590018014,100,67,33
060590018021,226,125,101
060590018022,331,185,146
060590018023,233,129,104
060590018024,122,67,55
060590018025,201,110,91
060590019011,351,185,166
060590019012,337,176,161
060590019021,356,196,160
060590019022,424,238,186
060590019031,395,217,178
060590019032,328,180,148
060590110001,145,76,69
060590110002,370,186,184
060590110003,181,99,82
060590110004,616,310,306
060590110005,322,161,161
060590110006,558,257,301
060590111011,585,316,269
060590111012,396,217,179
060590111021,275,168,107
060590111022,307,187,120
060590111023,401,251,150
060590112001,369,221,148
060590112002,407,196,211
060590112003,329,159,170
060590112004,518,312,206
060590113001,564,394,170
060590113002,1006,503,503
060590113003,192,116,76
060590114011,221,130,91
060590114012,699,365,334
060590114021,428,230,198
060590114022,671,336,335
060590114031,298,160,138
060590114032,235,137,98
060590114033,307,178,129
060590114034,129,84,45
060590114035,389,246,143
060590115021,153,79,74
060590115022,340,171,169
060590115023,508,292,216
060590115031,394,188,206
060590115032,322,146,176
060590115041,181,111,70
060590115042,89,71,18
060590115043,124,76,48
060590115044,234,143,91
060590115045,134,107,27
060590116011,191,123,68
060590116012,236,144,92
060590116013,111,73,38
060590116014,165,109,56
060590116015,117,77,40
060590116016,313,191,122
060590116021,128,83,45
060590116022,513,314,199
060590116023,179,118,61
060590116024,144,95,49
060590117071,603,274,329
060590117072,400,219,181
060590117073,664,285,379
060590117074,633,265,368
060590117081,323,190,133
060590117082,283,179,104
060590117083,444,214,230
060590117091,550,206,344
060590117092,660,240,420
060590117093,896,376,520
060590117101,698,321,377
060590117102,821,345,476
060590117111,403,171,232
060590117112,357,195,162
060590117113,168,107,61
060590117114,188,120,68
060590117115,125,95,30
060590117121,319,184,135
060590117122,399,215,184
060590117123,476,288,188
060590117141,134,87,47
060590117151,717,273,444
060590117152,1366,572,794
060590117153,868,357,511
060590117161,494,255,239
060590117162,1333,567,766
060590117171,844,305,539
060590117172,394,146,248
060590117181,676,250,426
060590117182,729,288,441
060590117201,52,37,15
060590117202,200,143,57
060590117203,137,91,46
060590117211,114,79,35
060590117212,157,109,48
060590117213,486,283,203
060590117221,383,197,186
060590117222,274,136,138
060590117223,263,135,128
060590218021,681,194,487
060590218022,579,165,414
060590218023,486,156,330
060590218024,591,198,393
060590218025,312,99,213
060590218026,432,146,286
060590218071,491,242,249
060590218072,538,207,331
060590218073,363,140,223
060590218091,920,302,618
060590218092,556,190,366
060590218101,499,180,319
060590218102,690,277,413
060590218103,447,143,304
060590218121,436,130,306
060590218122,441,189,252
060590218123,529,229,300
060590218124,283,125,158
060590218125,550,245,305
060590218131,24,11,13
060590218141,843,392,451
060590218142,628,292,336
060590218143,504,215,289
060590218144,776,346,430
060590218161,449,132,317
060590218162,959,294,665
060590218163,891,324,567
060590218171,1120,443,677
060590218172,390,149,241
060590218201,675,197,478
060590218202,1156,480,676
060590218211,695,346,349
060590218212,732,395,337
060590218213,553,249,304
060590218221,433,142,291
060590218222,697,225,472
060590218223,950,302,648
060590218224,737,286,451
060590218225,957,351,606
060590218231,1647,511,1136
060590218241,560,176,384
060590218242,711,232,479
060590218251,795,269,526
060590218252,645,228,417
060590218261,488,195,293
060590218262,390,155,235
060590218271,631,230,401
060590218272,676,245,431
060590218281,525,167,358
060590218282,543,174,369
060590218283,743,237,506
060590218291,985,323,662
060590218292,798,281,517
060590218293,748,245,503
060590218301,610,195,415
060590218302,659,231,428
060590218303,793,280,513
060590218304,746,239,507
060590218311,1235,501,734
060590218312,810,364,446
060590218313,455,182,273
060590218321,261,107,154
060590218322,775,382,393
060590218323,744,335,409
060590219031,555,228,327
060590219032,627,289,338
060590219033,367,169,198
060590219051,863,350,513
060590219052,559,216,343
060590219053,448,174,274
060590219054,499,193,306
060590219121,815,332,483
060590219122,871,287,584
060590219123,1000,371,629
060590219131,387,156,231
060590219132,548,287,261
060590219133,594,303,291
060590219134,352,221,131
060590219141,898,433,465
060590219142,601,268,333
060590219151,347,134,213
060590219152,489,189,300
060590219153,484,189,295
060590219154,385,150,235
060590219161,486,189,297
060590219162,363,147,216
060590219163,422,172,250
060590219164,381,148,233
060590219171,731,241,490
060590219172,506,208,298
060590219173,469,155,314
060590219181,424,194,230
060590219182,989,496,493
060590219183,522,187,335
060590219191,543,236,307
060590219192,499,217,282
060590219201,491,209,282
060590219202,610,252,358
060590219203,317,135,182
060590219204,688,280,408
060590219205,503,213,290
060590219206,549,233,316
060590219211,612,165,447
060590219212,749,310,439
060590219213,478,198,280
060590219221,804,372,432
060590219222,245,105,140
060590219223,370,156,214
060590219224,517,214,303
060590219231,520,223,297
060590219232,439,183,256
060590219233,480,172,308
060590219234,506,217,289
060590219235,617,270,347
060590219241,425,194,231
060590219242,297,136,161
060590219243,201,91,110
060590219244,574,261,313
060590320021,385,127,258
060590320022,802,352,450
060590320023,884,386,498
060590320024,597,258,339
060590320031,769,348,421
060590320032,725,328,397
060590320033,749,339,410
060590320111,469,207,262
060590320112,325,164,161
060590320121,684,289,395
060590320122,710,300,410
060590320123,263,111,152
060590320131,516,227,289
060590320132,808,355,453
060590320133,374,165,209
060590320134,295,197,98
060590320141,779,399,380
060590320142,519,264,255
060590320143,216,110,106
060590320151,693,365,328
060590320152,552,252,300
060590320153,441,204,237
060590320154,574,263,311
060590320201,1035,448,587
060590320202,1086,471,615
060590320203,410,178,232
060590320221,677,358,319
060590320222,401,238,163
060590320223,328,148,180
060590320224,169,80,89
060590320271,989,436,553
060590320272,501,276,225
060590320273,254,117,137
060590320281,530,247,283
060590320282,618,341,277
060590320291,462,198,264
060590320292,611,276,335
060590320293,540,276,264
060590320301,632,317,315
060590320302,1021,500,521
060590320311,632,317,315
060590320312,948,416,532
060590320321,604,249,355
060590320322,753,310,443
060590320331,524,248,276
060590320332,370,175,195
060590320333,290,138,152
060590320341,901,412,489
060590320342,1322,529,793
060590320343,648,274,374
060590320351,801,318,483
060590320352,454,180,274
060590320361,602,262,340
060590320362,1155,473,682
060590320371,1350,588,762
060590320372,776,339,437
060590320373,840,366,474
060590320381,1398,668,730
060590320382,243,116,127
060590320383,1150,551,599
060590320391,571,230,341
060590320392,1030,451,579
060590320393,316,155,161
060590320394,582,288,294
060590320401,848,387,461
060590320402,527,240,287
060590320411,379,134,245
060590320421,1634,604,1030
060590320422,367,136,231
060590320423,697,254,443
060590320431,1165,438,727
060590320432,709,260,449
060590320441,949,326,623
060590320442,625,198,427
060590320443,578,176,402
060590320444,852,275,577
060590320451,619,219,400
060590320452,724,255,469
060590320461,292,85,207
060590320462,765,242,523
060590320463,992,314,678
060590320464,677,200,477
060590320471,299,160,139
060590320472,311,129,182
060590320473,255,106,149
060590320474,389,163,226
060590320481,523,220,303
060590320482,996,456,540
060590320483,482,232,250
060590320484,703,338,365
060590320491,335,113,222
060590320492,619,280,339
060590320493,1048,504,544
060590320494,942,427,515
060590320495,736,328,408
060590320501,227,106,121
060590320502,562,241,321
060590320503,1026,486,540
060590320511,278,123,155
060590320512,419,186,233
060590320513,480,213,267
060590320514,202,90,112
060590320531,1260,540,720
060590320532,772,329,443
060590320533,599,254,345
060590320534,621,279,342
060590320541,740,350,390
060590320542,219,104,115
060590320543,289,137,152
060590320544,392,186,206
060590320551,237,111,126
060590320552,170,73,97
060590320553,259,112,147
060590320554,440,209,231
060590320571,1189,530,659
060590320572,1475,626,849
060590320573,182,81,101
060590320581,1346,524,822
060590320582,1104,430,674
060590320583,382,158,224
060590320591,808,357,451
060590320592,762,336,426
060590320593,435,195,240
060590320594,664,296,368
060590320595,679,301,378
060590320611,522,167,355
060590320612,1323,581,742
060590320613,770,247,523
060590320614,330,106,224
060590320621,703,247,456
060590320622,1173,412,761
060590320631,1204,465,739
060590320632,817,302,515
060590320633,963,373,590
060590320641,703,292,411
060590320642,450,137,313
060590320643,158,64,94
060590320651,472,201,271
060590320652,312,133,179
060590320653,904,408,496
060590320654,698,314,384
060590320661,599,270,329
060590320662,451,217,234
060590320663,602,270,332
060590320664,979,440,539
060590320665,785,353,432
060590320666,152,68,84
060590421061,424,160,264
060590421062,800,324,476
060590421071,323,142,181
060590421072,711,321,390
060590421081,320,150,170
060590421082,242,110,132
060590421083,381,176,205
060590421084,657,303,354
060590421085,238,117,121
060590421091,270,112,158
060590421092,846,348,498
060590421093,365,150,215
060590421094,589,242,347
060590421111,573,204,369
060590421112,708,252,456
060590421113,380,135,245
060590421114,902,328,574
060590421115,573,207,366
060590421121,1421,495,926
060590421122,846,301,545
060590421123,1056,383,673
060590421131,696,275,421
060590421132,585,236,349
060590421133,516,210,306
060590421134,499,197,302
060590421141,751,305,446
060590421142,457,186,271
060590421143,519,211,308
060590421151,712,222,490
060590421161,761,339,422
060590421162,462,181,281
060590421163,567,253,314
060590421164,813,316,497
060590422011,477,225,252
060590422012,237,100,137
060590422013,650,286,364
060590422014,469,197,272
060590422015,680,273,407
060590422031,717,277,440
060590422032,514,208,306
060590422033,606,243,363
060590422034,746,307,439
060590422035,1060,403,657
060590422036,775,310,465
060590422051,802,289,513
060590422052,575,202,373
060590422053,1079,455,624
060590422054,590,268,322
060590422061,537,235,302
060590422062,1045,452,593
060590423051,727,400,327
060590423052,671,221,450
060590423053,536,250,286
060590423071,850,389,461
060590423072,576,279,297
060590423073,581,265,316
060590423074,274,138,136
060590423075,295,157,138
060590423111,585,239,346
060590423112,552,226,326
060590423113,658,264,394
060590423114,1165,543,622
060590423121,639,371,268
060590423122,702,270,432
060590423123,191,113,78
060590423124,184,111,73
060590423131,466,195,271
060590423132,328,146,182
060590423133,504,227,277
060590423134,584,266,318
060590423135,468,238,230
060590423151,499,228,271
060590423152,493,225,268
060590423153,529,249,280
060590423154,737,334,403
060590423155,355,154,201
060590423171,542,231,311
060590423172,432,184,248
060590423173,867,369,498
060590423191,1171,534,637
060590423192,442,201,241
060590423201,480,258,222
060590423202,177,95,82
060590423203,432,237,195
060590423204,565,304,261
060590423231,390,160,230
060590423232,609,260,349
060590423233,557,198,359
060590423234,951,368,583
060590423241,520,186,334
060590423242,319,172,147
060590423243,690,313,377
060590423244,714,352,362
060590423251,863,442,421
060590423252,775,382,393
060590423261,617,321,296
060590423262,1328,692,636
060590423271,410,187,223
060590423272,402,178,224
060590423273,1014,447,567
060590423274,394,179,215
060590423281,678,262,416
060590423282,525,201,324
060590423291,491,228,263
060590423292,642,296,346
060590423293,771,355,416
060590423301,874,402,472
060590423302,217,100,117
060590423303,465,235,230
060590423304,400,202,198
060590423311,1136,521,615
060590423312,314,144,170
060590423313,694,318,376
060590423321,606,265,341
060590423322,955,428,527
060590423323,1182,531,651
060590423331,1105,496,609
060590423332,1037,431,606
060590423341,511,249,262
060590423342,295,144,151
060590423343,668,327,341
060590423344,520,255,265
060590423351,506,244,262
060590423352,875,400,475
060590423353,904,432,472
060590423361,1378,674,704
060590423362,573,276,297
060590423371,535,252,283
060590423372,745,255,490
060590423373,497,228,269
060590423381,1369,601,768
060590423382,819,357,462
060590423391,452,196,256
060590423392,628,272,356
060590423393,433,208,225
060590423401,446,228,218
060590423411,475,210,265
060590423412,437,182,255
060590423413,594,247,347
060590423414,776,358,418
060590423415,437,202,235
060590524081,484,211,273
060590524082,840,428,412
060590524083,886,373,513
060590524084,590,251,339
060590524101,349,177,172
060590524102,37,18,19
060590524103,435,221,214
060590524104,1071,472,599
060590524111,539,256,283
060590524112,439,245,194
060590524113,413,195,218
060590524151,855,464,391
060590524152,947,426,521
060590524161,266,161,105
060590524162,733,382,351
060590524163,528,243,285
060590524171,323,174,149
060590524172,372,200,172
060590524173,424,229,195
060590524174,486,262,224
060590524175,761,411,350
060590524176,386,209,177
060590524191,600,305,295
060590524192,735,373,362
060590524211,682,398,284
060590524212,427,249,178
060590524213,333,191,142
060590524214,299,172,127
060590524215,366,210,156
060590524216,548,314,234
060590524221,748,346,402
060590524222,397,219,178
060590524223,536,248,288
060590524224,498,265,233
060590524225,1207,664,543
060590524231,583,251,332
060590524232,691,368,323
060590524233,598,266,332
060590524241,508,310,198
060590524242,663,305,358
060590524243,414,190,224
060590524251,561,292,269
060590524252,281,150,131
060590524253,610,326,284
060590524254,600,319,281
060590524271,964,458,506
060590524272,959,455,504
060590524281,1107,545,562
060590524282,316,146,170
060590524283,429,185,244
060590524284,952,419,533
060590524285,349,156,193
060590524291,569,358,211
060590524292,674,424,250
060590524293,227,143,84
060590524294,343,217,126
060590524301,567,227,340
060590524302,392,237,155
060590524303,711,285,426
060590524304,215,129,86
060590524305,258,153,105
060590524306,653,396,257
060590524307,389,241,148
060590524308,313,188,125
060590524309,1032,525,507
060590524311,699,439,260
060590524312,511,321,190
060590524321,177,111,66
060590524322,784,492,292
060590524323,524,330,194
060590524324,551,353,198
060590524331,329,211,118
060590524332,175,112,63
060590524333,252,161,91
060590524334,179,105,74
060590524335,482,328,154
060590524336,199,117,82
060590524337,323,220,103
060590524338,348,228,120
060590524339,185,126,59
060590524341,232,132,100
060590524342,1149,673,476
060590524343,439,257,182
060590524344,470,276,194
060590524351,477,283,194
060590524352,292,173,119
060590524353,328,195,133
060590524354,264,156,108
060590524355,435,258,177
060590524361,438,254,184
060590524362,284,166,118
060590524363,358,209,149
060590524364,386,225,161
060590524365,437,250,187
060590524371,253,132,121
060590524372,215,111,104
060590524373,528,283,245
060590524374,169,94,75
060590524375,591,317,274
060590524381,365,235,130
060590524382,418,267,151
060590524383,686,456,230
060590524391,316,209,107
060590524392,261,172,89
060590524393,203,135,68
060590524394,358,237,121
060590524395,416,275,141
060590524396,1399,882,517
060590525021,608,292,316
060590525022,645,310,335
060590525023,673,392,281
060590525024,476,227,249
060590525051,243,146,97
060590525052,250,131,119
060590525053,410,214,196
060590525054,274,143,131
060590525055,126,93,33
060590525056,349,183,166
060590525061,679,322,357
060590525062,404,192,212
060590525111,495,266,229
060590525112,304,164,140
060590525113,553,300,253
060590525114,274,148,126
060590525115,297,160,137
060590525116,292,157,135
060590525131,329,201,128
060590525132,349,213,136
060590525133,287,176,111
060590525134,430,262,168
060590525135,304,185,119
060590525136,330,201,129
060590525141,328,196,132
060590525142,532,312,220
060590525143,378,222,156
060590525144,621,364,257
060590525181,628,420,208
060590525182,262,175,87
060590525183,469,313,156
060590525191,356,214,142
060590525192,577,339,238
060590525193,550,299,251
060590525201,229,139,90
060590525202,331,200,131
060590525203,567,342,225
060590525204,282,170,112
060590525211,398,257,141
060590525212,225,146,79
060590525213,207,136,71
060590525214,156,101,55
060590525221,357,214,143
060590525222,404,242,162
060590525223,451,271,180
060590525231,182,119,63
060590525232,327,197,130
060590525233,513,308,205
060590525234,204,123,81
060590525241,536,250,286
060590525242,440,249,191
060590525243,235,133,102
060590525244,467,266,201
060590525245,581,331,250
060590525261,624,351,273
060590525262,978,550,428
060590525271,529,299,230
060590525272,295,190,105
060590525273,152,98,54
060590525274,577,326,251
060590525275,625,353,272
060590525276,685,388,297
060590525281,267,165,102
060590525282,287,178,109
060590525283,397,247,150
060590525284,263,163,100
060590525291,501,286,215
060590525292,405,279,126
060590525301,534,324,210
060590525302,437,264,173
060590525303,352,214,138
060590525311,439,258,181
060590525312,771,452,319
060590525321,730,467,263
060590525322,229,146,83
060590525323,254,134,120
060590525324,425,265,160
060590525331,356,205,151
060590525332,347,199,148
060590525333,407,234,173
060590525334,358,205,153
060590525335,700,402,298
060590525336,499,286,213
060590525341,466,302,164
060590525351,878,482,396
060590525352,275,172,103
060590525353,118,74,44
060590525354,163,102,61
060590626051,280,173,107
060590626052,360,199,161
060590626053,353,225,128
060590626054,603,336,267
060590626101,383,218,165
060590626102,252,152,100
060590626103,544,327,217
060590626104,379,229,150
060590626105,932,568,364
060590626111,72,54,18
060590626112,179,134,45
060590626113,592,388,204
060590626141,521,453,68
060590626142,584,547,37
060590626143,322,280,42
060590626144,141,135,6
060590626145,362,314,48
060590626146,322,301,21
060590626147,919,807,112
060590626148,201,184,17
060590626191,653,403,250
060590626192,456,281,175
060590626193,520,334,186
060590626194,464,296,168
060590626201,610,378,232
060590626202,790,493,297
060590626203,505,311,194
060590626204,768,464,304
060590626221,358,196,162
060590626222,438,240,198
060590626223,599,328,271
060590626224,235,118,117
060590626225,814,446,368
060590626251,417,234,183
060590626252,681,382,299
060590626253,462,247,215
060590626254,223,119,104
060590626261,223,149,74
060590626262,140,100,40
060590626271,385,252,133
060590626272,149,106,43
060590626273,203,145,58
060590626281,207,122,85
060590626282,704,415,289
060590626291,852,475,377
060590626292,338,199,139
060590626301,619,344,275
060590626302,197,109,88
060590626311,382,224,158
060590626312,369,211,158
060590626313,541,303,238
060590626314,230,136,94
060590626321,414,280,134
060590626322,481,299,182
060590626323,719,444,275
060590626324,819,493,326
060590626331,1561,713,848
060590626332,1194,597,597
060590626341,345,180,165
060590626342,1013,488,525
060590626343,498,264,234
060590626344,377,199,178
060590626351,444,225,219
060590626352,766,389,377
060590626353,482,251,231
060590626361,240,132,108
060590626362,391,214,177
060590626363,437,239,198
060590626371,754,408,346
060590626372,466,252,214
060590626373,480,259,221
060590626381,412,223,189
060590626382,678,367,311
060590626383,841,455,386
060590626391,580,265,315
060590626392,904,416,488
060590626393,892,437,455
060590626394,555,272,283
060590626401,648,345,303
060590626402,532,283,249
060590626411,941,546,395
060590626412,391,207,184
060590626413,452,244,208
060590626421,435,163,272
060590626422,530,202,328
060590626423,767,295,472
060590626431,664,258,406
060590626432,438,181,257
060590626433,464,171,293
060590626434,429,180,249
060590626435,398,175,223
060590626436,409,175,234
060590626437,221,96,125
060590626451,597,244,353
060590626452,352,144,208
060590626453,435,179,256
060590626454,339,139,200
060590626455,913,358,555
060590626461,417,234,183
060590626462,564,317,247
060590626463,952,535,417
060590626464,392,220,172
060590626471,496,238,258
060590626472,431,242,189
060590626473,511,283,228
060590626474,559,314,245
060590626481,409,230,179
060590626482,787,443,344
060590626483,756,420,336
060590626491,988,537,451
060590626492,440,303,137
060590626493,485,262,223
060590626501,697,455,242
060590626502,503,312,191
060590626503,686,422,264
060590626511,452,264,188
060590626512,159,100,59
060590626513,292,184,108
060590626521,543,310,233
060590626522,732,382,350
060590626523,345,197,148
060590626524,324,178,146
060590626531,553,351,202
060590626532,264,167,97
060590626533,820,519,301
060590626541,498,307,191
060590626542,708,436,272
060590626543,610,377,233
060590626551,216,112,104
060590626552,488,254,234
060590626553,239,124,115
060590626554,859,401,458
060590626561,363,203,160
060590626562,814,304,510
060590626563,692,386,306
060590626571,591,243,348
060590626572,399,165,234
060590626581,951,355,596
060590626582,709,290,419
060590626583,852,258,594
060590627011,743,273,470
060590627012,658,276,382
060590627021,498,158,340
060590627022,357,152,205
060590627023,638,272,366
060590627024,351,148,203
060590627025,420,151,269
060590628001,521,157,364
060590628002,322,110,212
060590628003,541,201,340
060590628004,258,101,157
060590629001,580,161,419
060590629002,453,127,326
060590630041,1042,426,616
060590630042,617,271,346
060590630043,468,190,278
060590630044,614,251,363
060590630051,379,112,267
060590630052,350,104,246
060590630061,595,191,404
060590630062,789,255,534
060590630071,790,229,561
060590630072,984,342,642
060590630073,813,391,422
060590630074,657,269,388
060590630081,471,136,335
060590630082,385,112,273
060590630091,373,150,223
060590630092,519,184,335
060590630101,399,136,263
060590630102,347,193,154
060590630103,1226,389,837
060590630104,799,272,527
060590631011,551,258,293
060590631012,397,143,254
060590631021,746,374,372
060590631022,628,332,296
060590631023,569,302,267
060590631024,683,339,344
060590631031,741,313,428
060590631032,542,230,312
060590632011,464,242,222
060590632012,429,198,231
060590632013,513,242,271
060590632021,294,138,156
060590632022,407,191,216
060590632023,482,219,263
060590632024,299,142,157
060590633011,389,181,208
060590633012,403,188,215
060590633013,259,112,147
060590633021,460,187,273
060590633022,402,163,239
060590633023,477,205,272
060590633024,388,167,221
060590634001,474,171,303
060590634002,569,191,378
060590634003,380,127,253
060590634004,415,150,265
060590634005,691,176,515
060590635001,390,122,268
060590635002,285,101,184
060590635003,280,96,184
060590635004,221,69,152
060590635005,168,58,110
060590635006,511,188,323
060590636011,825,408,417
060590636012,471,226,245
060590636013,254,115,139
060590636031,587,269,318
060590636032,681,271,410
060590636033,576,265,311
060590636034,410,189,221
060590636041,298,170,128
060590636042,860,428,432
060590636051,118,79,39
060590636052,561,313,248
060590636053,149,94,55
060590637011,289,174,115
060590637012,111,81,30
060590637013,217,146,71
060590637014,181,129,52
060590637021,311,194,117
060590637022,115,70,45
060590637023,335,171,164
060590637024,290,192,98
060590637025,191,122,69
060590638021,707,303,404
060590638022,665,268,397
060590638031,471,196,275
060590638032,405,221,184
060590638033,403,220,183
060590638034,443,237,206
060590638051,493,230,263
060590638052,593,277,316
060590638061,421,185,236
060590638062,535,235,300
060590638063,690,304,386
060590638071,323,188,135
060590638072,344,142,202
060590638073,761,366,395
060590638081,406,245,161
060590638082,207,133,74
060590638083,158,117,41
060590639021,790,413,377
060590639022,211,122,89
060590639023,181,121,60
060590639024,505,264,241
060590639031,641,323,318
060590639032,689,342,347
060590639041,599,284,315
060590639042,549,261,288
060590639043,207,98,109
060590639051,630,303,327
060590639052,314,187,127
060590639053,668,319,349
060590639061,339,203,136
060590639062,251,154,97
060590639063,717,361,356
060590639081,453,241,212
060590639082,553,293,260
060590639083,314,167,147
060590639084,370,233,137
060590639091,321,208,113
060590639092,342,222,120
060590639101,903,444,459
060590639102,741,342,399
060590740031,212,140,72
060590740032,262,197,65
060590740041,433,259,174
060590740042,120,72,48
060590740043,386,231,155
060590740044,510,335,175
060590740051,216,155,61
060590740052,219,158,61
060590740053,170,104,66
060590740054,408,248,160
060590740061,219,133,86
060590740062,309,203,106
060590740063,410,269,141
060590741021,250,168,82
060590741022,356,236,120
060590741023,307,221,86
060590741031,226,161,65
060590741032,202,143,59
060590741033,243,173,70
060590741061,381,229,152
060590741062,453,274,179
060590741063,228,142,86
060590741071,302,188,114
060590741072,532,357,175
060590741073,564,264,300
060590741081,373,247,126
060590741082,218,144,74
060590741091,229,151,78
060590741092,195,129,66
060590741101,656,392,264
060590741102,385,198,187
060590741111,287,176,111
060590741112,282,173,109
060590741113,713,438,275
060590742001,156,122,34
060590742002,151,118,33
060590742003,440,321,119
060590742004,333,245,88
060590743001,233,182,51
060590743002,228,178,50
060590744031,171,134,37
060590744032,133,108,25
060590744051,161,123,38
060590744052,305,232,73
060590744053,65,48,17
060590744061,60,46,14
060590744062,167,118,49
060590744063,104,73,31
060590744064,34,26,8
060590744071,113,93,20
060590744072,287,186,101
060590744081,202,130,72
060590744082,156,100,56
060590744083,139,89,50
060590745011,134,106,28
060590745012,163,125,38
060590745013,88,71,17
060590745021,415,317,98
060590745022,240,189,51
060590746011,111,89,22
060590746012,102,73,29
060590746013,89,71,18
060590746014,350,225,125
060590746015,276,177,99
060590746021,84,64,20
060590746022,114,88,26
060590746023,190,144,46
060590746024,251,191,60
060590746025,172,132,40
060590747011,210,156,54
060590747012,246,184,62
060590747013,321,246,75
060590747021,196,147,49
060590747022,233,177,56
060590747023,119,89,30
060590748011,149,107,42
060590748012,199,149,50
060590748013,216,161,55
060590748021,123,92,31
060590748022,132,100,32
060590748023,157,119,38
060590748031,524,342,182
060590748032,505,298,207
060590748033,189,141,48
060590748051,173,137,36
060590748052,111,88,23
060590748061,161,124,37
060590748062,261,201,60
060590749011,187,142,45
060590749012,169,130,39
060590749013,120,91,29
060590749014,109,78,31
060590749015,111,85,26
060590749021,146,111,35
060590749022,120,96,24
060590749023,107,78,29
060590750021,260,188,72
060590750022,226,171,55
060590750023,132,101,31
060590750024,180,130,50
060590750031,120,84,36
060590750032,111,85,26
060590750033,91,69,22
060590750041,209,136,73
060590750042,134,101,33
060590751001,127,97,30
060590751002,402,263,139
060590751003,375,247,128
060590751004,257,175,82
060590752011,417,296,121
060590752012,261,190,71
060590752021,347,248,99
060590752022,356,256,100
060590753011,297,199,98
060590753012,441,261,180
060590753013,499,302,197
060590753021,375,246,129
060590753022,683,427,256
060590753031,169,104,65
060590753032,534,329,205
060590753033,415,260,155
060590754011,714,386,328
060590754012,650,354,296
060590754031,366,231,135
060590754032,220,139,81
060590754033,832,529,303
060590754034,430,267,163
060590754041,286,157,129
060590754042,380,207,173
060590754043,420,243,177
060590754044,282,161,121
060590754051,512,277,235
060590754052,311,169,142
060590755041,1074,553,521
060590755042,603,298,305
060590755051,525,289,236
060590755052,311,171,140
060590755053,412,226,186
060590755061,739,312,427
060590755062,326,174,152
060590755063,292,156,136
060590755071,501,299,202
060590755072,140,99,41
060590755073,465,274,191
060590755121,249,152,97
060590755122,306,192,114
060590755131,419,293,126
060590755132,466,256,210
060590755141,396,262,134
060590755142,81,55,26
060590755161,238,180,58
060590755162,84,64,20
060590755163,146,86,60
060590755164,208,144,64
060590755165,352,230,122
060590755166,664,448,216
060590755171,346,203,143
060590755172,94,63,31
060590755173,336,226,110
060590755181,248,148,100
060590755182,278,177,101
060590755183,526,313,213
060590755184,646,387,259
060590755185,862,513,349
060590756031,597,252,345
060590756032,642,267,375
060590756033,511,255,256
060590756041,711,305,406
060590756042,980,366,614
060590756043,392,168,224
060590756044,496,211,285
060590756045,502,215,287
060590756046,501,180,321
060590756051,420,163,257
060590756052,620,272,348
060590756053,657,249,408
060590756054,373,163,210
060590756055,581,254,327
060590756061,1052,369,683
060590756062,348,164,184
060590756063,894,353,541
060590756064,614,308,306
060590756065,342,148,194
060590756071,309,174,135
060590756072,628,347,281
060590756073,407,231,176
060590756074,428,242,186
060590756075,449,254,195
060590757011,653,255,398
060590757012,348,190,158
060590757013,303,161,142
060590757014,837,373,464
060590757021,501,200,301
060590757022,732,345,387
060590757023,360,152,208
060590757031,1086,436,650
060590757032,397,158,239
060590757033,549,219,330
060590758051,210,113,97
060590758052,577,286,291
060590758053,224,121,103
060590758061,507,249,258
060590758062,407,201,206
060590758063,153,101,52
060590758064,311,162,149
060590758065,278,135,143
060590758071,423,200,223
060590758072,879,378,501
060590758073,204,105,99
060590758081,661,279,382
060590758082,862,364,498
060590758091,534,143,391
060590758092,581,164,417
060590758093,522,181,341
060590758101,779,271,508
060590758102,824,247,577
060590758111,769,309,460
060590758112,72,45,27
060590758121,210,116,94
060590758122,497,199,298
060590758123,534,215,319
060590758124,466,193,273
060590758131,1011,370,641
060590758132,179,99,80
060590758133,897,324,573
060590758141,401,142,259
060590758142,426,162,264
060590758143,562,214,348
060590758151,864,346,518
060590758152,329,174,155
060590758153,425,169,256
060590758161,464,267,197
060590758162,572,281,291
060590759011,291,144,147
060590759012,308,153,155
060590759013,486,291,195
060590759021,402,197,205
060590759022,584,303,281
060590759023,280,173,107
060590759024,366,190,176
060590759025,246,128,118
060590760011,330,199,131
060590760012,423,268,155
060590760013,258,163,95
060590760014,352,222,130
060590760015,489,282,207
060590760021,547,372,175
060590761021,249,169,80
060590761022,8,5,3
060590761023,445,255,190
060590761024,227,147,80
060590761031,238,149,89
060590761032,254,135,119
060590761033,580,311,269
060590761034,210,111,99
060590761041,504,354,150
060590761042,166,108,58
060590761043,71,46,25
060590761044,171,111,60
060590761051,401,210,191
060590761052,473,259,214
060590761053,236,123,113
060590762011,484,201,283
060590762012,295,123,172
060590762013,346,159,187
060590762014,647,298,349
060590762015,639,360,279
060590762021,296,153,143
060590762022,387,167,220
060590762023,631,263,368
060590762024,424,181,243
060590762041,335,141,194
060590762042,153,104,49
060590762043,155,90,65
060590762051,297,148,149
060590762052,534,237,297
060590762053,526,260,266
060590762054,253,128,125
060590762061,389,172,217
060590762062,318,158,160
060590762063,385,191,194
060590762064,483,238,245
060590762081,548,257,291
060590762082,308,144,164
060590762083,667,279,388
060590762084,259,122,137
060590863011,342,209,133
060590863012,265,148,117
060590863013,306,178,128
060590863014,221,151,70
060590863015,270,184,86
060590863031,195,127,68
060590863032,159,87,72
060590863033,159,86,73
060590863034,696,470,226
060590863035,289,203,86
060590863036,233,152,81
060590863037,307,166,141
060590863041,207,107,100
060590863042,174,87,87
060590863043,255,131,124
060590863044,245,126,119
060590863045,293,146,147
060590863051,527,271,256
060590863052,370,185,185
060590863053,262,134,128
060590863061,248,131,117
060590863062,218,115,103
060590863063,413,212,201
060590864021,255,140,115
060590864022,298,163,135
060590864023,111,65,46
060590864024,328,192,136
060590864041,219,141,78
060590864042,203,130,73
060590864043,159,101,58
060590864044,242,154,88
060590864051,152,103,49
060590864052,170,115,55
060590864053,156,106,50
060590864054,186,126,60
060590864055,200,137,63
060590864061,96,56,40
060590864062,242,133,109
060590864063,213,109,104
060590864064,164,81,83
060590864071,563,297,266
060590864072,216,124,92
060590864073,265,146,119
060590864074,142,82,60
060590865011,248,174,74
060590865012,232,165,67
060590865013,152,107,45
060590865021,96,58,38
060590865022,186,132,54
060590865023,166,118,48
060590865024,122,87,35
060590866011,141,98,43
060590866012,206,143,63
060590866013,259,180,79
060590866014,183,127,56
060590866015,126,88,38
060590866016,103,71,32
060590866021,356,226,130
060590866022,211,120,91
060590866023,184,105,79
060590866024,306,175,131
060590867011,314,180,134
060590867012,331,218,113
060590867013,245,140,105
060590867014,256,160,96
060590867015,215,123,92
060590867016,241,138,103
060590867021,156,99,57
060590867022,141,90,51
060590867023,150,96,54
060590867024,167,107,60
060590867025,100,64,36
060590867026,217,139,78
060590868011,363,209,154
060590868012,373,191,182
060590868013,197,104,93
060590868021,302,179,123
060590868022,222,132,90
060590868023,336,201,135
060590868024,142,83,59
060590868031,357,196,161
060590868032,378,184,194
060590868033,56,32,24
060590868034,454,254,200
060590868035,189,106,83
060590868036,217,125,92
060590869011,130,86,44
060590869012,232,116,116
060590869013,304,151,153
060590869014,152,76,76
060590869015,138,91,47
060590869016,164,109,55
060590869017,111,74,37
060590869021,248,143,105
060590869022,148,85,63
060590869023,261,143,118
060590869024,300,145,155
060590869025,198,114,84
060590869031,168,81,87
060590869032,219,124,95
060590869033,380,184,196
060590869034,101,57,44
060590869035,167,95,72
060590870011,158,94,64
060590870012,107,71,36
060590870013,158,88,70
060590870014,305,171,134
060590870015,269,150,119
060590870021,260,147,113
060590870022,367,207,160
060590870023,534,289,245
060590870024,287,156,131
060590871011,308,168,140
060590871012,198,109,89
060590871013,147,83,64
060590871014,230,130,100
060590871021,144,89,55
060590871022,230,142,88
060590871023,88,54,34
060590871024,129,80,49
060590871025,172,106,66
060590871031,104,54,50
060590871032,299,156,143
060590871033,299,156,143
060590871034,353,184,169
060590871035,208,108,100
060590871036,239,125,114
060590871037,250,129,121
060590871051,297,163,134
060590871052,378,204,174
060590871053,353,191,162
060590871061,221,132,89
060590871062,88,48,40
060590871063,221,119,102
060590871064,211,118,93
060590872001,255,157,98
060590872002,229,141,88
060590872003,168,104,64
060590872004,224,138,86
060590872005,307,175,132
060590872006,227,131,96
060590872007,277,171,106
060590873011,173,118,55
060590873012,260,177,83
060590873013,238,162,76
060590873021,294,201,93
060590873022,25,17,8
060590873023,281,192,89
060590873024,187,128,59
060590873025,114,78,36
060590873026,180,123,57
060590874011,414,283,131
060590874012,254,171,83
060590874013,299,201,98
060590874014,266,182,84
060590874031,133,88,45
060590874032,79,53,26
060590874033,36,23,13
060590874041,178,125,53
060590874042,144,95,49
060590874051,146,97,49
060590874052,108,72,36
060590874053,123,81,42
060590874054,163,109,54
060590875031,91,63,28
060590875032,183,107,76
060590875033,150,103,47
060590875034,184,101,83
060590875035,405,221,184
060590875041,134,92,42
060590875042,167,115,52
060590875043,152,104,48
060590875044,201,139,62
060590875051,463,278,185
060590875052,192,116,76
060590875053,169,101,68
060590876011,156,85,71
060590876012,291,154,137
060590876013,129,70,59
060590876014,183,100,83
060590876021,276,147,129
060590876022,444,220,224
060590876023,330,174,156
060590876024,150,83,67
060590876025,291,161,130
060590876026,94,52,42
060590876027,112,62,50
060590877011,413,214,199
060590877012,169,90,79
060590877013,175,91,84
060590877014,138,75,63
060590877015,272,144,128
060590877031,172,94,78
060590877032,269,149,120
060590877033,256,143,113
060590877034,212,115,97
060590877035,231,125,106
060590877041,166,88,78
060590877042,263,145,118
060590877043,300,166,134
060590877044,199,105,94
060590877045,163,86,77
060590878011,496,248,248
060590878012,386,215,171
060590878013,341,169,172
060590878021,400,229,171
060590878022,516,328,188
060590878023,276,126,150
060590878024,176,98,78
060590878031,240,125,115
060590878032,108,80,28
060590878033,251,134,117
060590878051,63,48,15
060590878052,235,121,114
060590878053,210,128,82
060590878054,377,187,190
060590878061,261,166,95
060590878062,208,116,92
060590878063,126,64,62
060590878064,199,111,88
060590879011,273,136,137
060590879012,447,264,183
060590879021,310,163,147
060590879022,251,118,133
060590879023,364,203,161
060590880011,326,140,186
060590880012,361,172,189
060590880013,427,196,231
060590880021,290,169,121
060590880022,237,104,133
060590880023,426,188,238
060590881011,475,262,213
060590881041,576,281,295
060590881042,469,241,228
060590881051,603,326,277
060590881052,442,205,237
060590881061,533,287,246
060590881062,548,277,271
060590881071,573,275,298
060590881072,726,384,342
060590882011,242,128,114
060590882012,392,207,185
060590882013,253,134,119
060590882021,159,77,82
060590882022,720,346,374
060590882031,655,318,337
060590882032,480,238,242
060590883011,358,180,178
060590883012,790,395,395
060590883013,374,188,186
060590883021,656,324,332
060590883022,541,268,273
060590883023,557,263,294
060590884011,403,213,190
060590884012,652,344,308
060590884013,299,159,140
060590884021,494,270,224
060590884022,348,182,166
060590884031,696,431,265
060590884032,581,345,236
060590885011,729,384,345
060590885012,187,120,67
060590885013,331,211,120
060590885021,687,401,286
060590885022,235,107,128
060590885023,86,42,44
060590886011,287,158,129
060590886012,467,258,209
060590886013,519,264,255
060590886014,154,78,76
060590886021,464,247,217
060590886022,558,256,302
060590887011,161,89,72
060590887012,351,180,171
060590887013,500,276,224
060590887014,236,121,115
060590887021,702,367,335
060590887022,433,220,213
060590888011,318,160,158
060590888012,129,67,62
060590888013,304,159,145
060590888014,345,192,153
060590888015,287,159,128
060590888021,289,146,143
060590888022,350,169,181
060590888023,342,173,169
060590888024,158,77,81
060590889011,330,162,168
060590889012,329,173,156
060590889013,486,239,247
060590889014,493,243,250
060590889021,345,171,174
060590889022,464,230,234
060590889023,279,138,141
060590889031,457,218,239
060590889032,639,305,334
060590889033,598,316,282
060590889041,294,139,155
060590889042,535,259,276
060590889043,324,149,175
060590889044,385,178,207
060590889051,245,111,134
060590889052,744,354,390
060590889053,313,143,170
060590890011,289,153,136
060590890012,406,220,186
060590890013,275,148,127
060590890014,338,180,158
060590890031,167,97,70
060590890032,372,203,169
060590890041,307,166,141
060590890042,564,302,262
060590890043,360,194,166
060590891021,472,298,174
060590891022,318,170,148
060590891023,341,210,131
060590891041,101,59,42
060590891042,326,200,126
060590891043,151,76,75
060590891051,141,82,59
060590891052,182,128,54
060590891053,164,102,62
060590891061,308,185,123
060590891062,167,101,66
060590891071,764,389,375
060590891072,480,289,191
060590992021,646,341,305
060590992022,604,315,289
060590992023,393,207,186
060590992031,681,301,380
060590992032,873,372,501
060590992041,306,148,158
060590992042,334,161,173
060590992043,707,326,381
060590992121,355,167,188
060590992122,359,168,191
060590992123,294,138,156
060590992124,304,143,161
060590992141,398,168,230
060590992142,384,162,222
060590992143,355,167,188
060590992144,477,226,251
060590992151,950,451,499
060590992152,881,371,510
060590992153,447,212,235
060590992161,312,131,181
060590992162,662,277,385
060590992163,483,203,280
060590992164,303,127,176
060590992171,604,241,363
060590992172,664,266,398
060590992201,479,208,271
060590992202,612,266,346
060590992203,789,298,491
060590992204,330,143,187
060590992221,337,162,175
060590992222,424,190,234
060590992223,420,190,230
060590992224,301,134,167
060590992231,422,190,232
060590992232,320,144,176
060590992233,505,230,275
060590992241,691,294,397
060590992242,601,266,335
060590992251,640,282,358
060590992252,688,306,382
060590992261,655,337,318
060590992262,694,275,419
060590992271,279,150,129
060590992272,181,106,75
060590992273,603,238,365
060590992274,650,332,318
060590992291,640,324,316
060590992292,958,453,505
060590992293,233,128,105
060590992294,431,236,195
060590992301,807,378,429
060590992302,1051,492,559
060590992311,877,369,508
060590992312,450,196,254
060590992313,928,391,537
060590992314,371,162,209
060590992321,817,356,461
060590992322,498,216,282
060590992323,587,254,333
060590992324,486,211,275
060590992331,707,329,378
060590992332,612,283,329
060590992341,599,244,355
060590992342,391,160,231
060590992343,497,202,295
060590992351,384,166,218
060590992352,348,151,197
060590992353,713,304,409
060590992354,375,159,216
060590992371,846,356,490
060590992372,938,448,490
060590992381,935,384,551
060590992382,1113,419,694
060590992391,386,149,237
060590992392,557,216,341
060590992393,521,202,319
060590992394,500,193,307
060590992401,391,159,232
060590992402,886,361,525
060590992403,367,149,218
060590992404,598,244,354
060590992411,663,291,372
060590992412,580,247,333
060590992421,589,253,336
060590992422,574,247,327
060590992431,1191,499,692
060590992432,942,449,493
060590992441,1001,421,580
060590992442,1071,510,561
060590992451,631,273,358
060590992452,774,333,441
060590992461,537,208,329
060590992462,858,332,526
060590992463,333,128,205
060590992471,267,152,115
060590992472,309,176,133
060590992481,231,132,99
060590992482,435,247,188
060590992491,254,144,110
060590992492,205,116,89
060590992501,560,283,277
060590992502,424,172,252
060590992511,511,259,252
060590992512,517,261,256
060590992513,600,284,316
060590993051,459,202,257
060590993052,480,214,266
060590993053,285,127,158
060590993054,401,178,223
060590993055,467,209,258
060590993056,253,114,139
060590993061,611,265,346
060590993062,437,179,258
060590993063,411,180,231
060590993064,482,197,285
060590993065,381,168,213
060590993071,844,335,509
060590993072,496,216,280
060590993081,995,370,625
060590993082,993,360,633
060590993083,1073,404,669
060590993091,612,273,339
060590993092,744,317,427
060590993093,358,160,198
060590993094,376,169,207
060590993101,776,280,496
060590993102,743,288,455
060590993103,385,157,228
060590993111,437,176,261
060590993112,626,255,371
060590993113,343,140,203
060590994021,197,115,82
060590994022,309,179,130
060590994023,350,156,194
060590994024,196,114,82
060590994041,1039,417,622
060590994042,1114,445,669
060590994051,511,221,290
060590994052,488,211,277
060590994053,617,267,350
060590994061,760,325,435
060590994062,1105,469,636
060590994071,309,147,162
060590994072,830,363,467
060590994081,531,232,299
060590994082,1044,499,545
060590994083,396,174,222
060590994101,293,164,129
060590994102,345,178,167
060590994103,446,250,196
060590994111,262,134,128
060590994112,426,220,206
060590994113,356,183,173
060590994114,312,161,151
060590994121,610,263,347
060590994122,528,227,301
060590994123,772,333,439
060590994151,514,196,318
060590994152,607,250,357
060590994153,765,316,449
060590994154,683,262,421
060590994155,340,140,200
060590994161,464,211,253
060590994162,291,132,159
060590994163,698,318,380
060590994171,748,316,432
060590994172,975,413,562
060590994173,505,214,291
060590994181,656,290,366
060590994182,334,148,186
060590994183,588,253,335
060590994191,387,172,215
060590994192,763,349,414
060590994193,497,123,374
060590995021,28,9,19
060590995041,1554,751,803
060590995061,554,205,349
060590995081,615,255,360
060590995082,380,151,229
060590995083,389,162,227
060590995084,552,229,323
060590995091,490,240,250
060590995092,653,320,333
060590995093,448,235,213
060590995094,331,158,173
060590995095,446,222,224
060590995101,1195,618,577
060590995102,796,418,378
060590995103,841,409,432
060590995111,425,200,225
060590995112,423,196,227
060590995113,365,169,196
060590995114,378,196,182
060590995121,631,323,308
060590995122,451,250,201
060590995123,282,148,134
060590995131,730,256,474
060590995132,396,129,267
060590995141,449,132,317
060590995142,970,372,598
060590995143,704,224,480
060590995144,330,112,218
060590995145,504,171,333
060590996011,383,205,178
060590996012,611,310,301
060590996013,222,119,103
060590996014,393,173,220
060590996021,559,285,274
060590996022,604,256,348
060590996031,1050,434,616
060590996032,387,157,230
060590996033,589,240,349
060590996034,599,255,344
060590996041,732,292,440
060590996042,811,357,454
060590996051,783,312,471
060590996052,1055,506,549
060590997011,750,355,395
060590997012,326,154,172
060590997013,325,155,170
060590997021,744,333,411
060590997022,784,360,424
060590997023,554,290,264
060590997031,409,212,197
060590997032,822,362,460
060590997033,525,222,303
060590998011,275,144,131
060590998012,623,286,337
060590998013,395,198,197
060590998021,488,245,243
060590998022,658,337,321
060590998031,385,165,220
060590998032,367,191,176
060590998033,544,265,279
060590999021,366,170,196
060590999022,524,244,280
060590999023,435,202,233
060590999031,384,182,202
060590999032,306,165,141
060590999033,595,265,330
060590999041,260,116,144
060590999042,337,188,149
060590999043,261,120,141
060590999044,149,81,68
060590999045,232,125,107
060590999051,332,159,173
060590999052,398,191,207
060590999061,870,355,515
060590999062,585,239,346
060590999063,686,281,405
060591100011,1175,480,695
060591100012,677,262,415
060591100031,536,214,322
060591100032,844,357,487
060591100041,476,192,284
060591100042,387,164,223
060591100043,481,193,288
060591100044,759,320,439
060591100051,790,312,478
060591100052,731,289,442
060591100061,714,333,381
060591100062,735,340,395
060591100071,490,222,268
060591100072,444,205,239
060591100073,947,416,531
060591100074,608,259,349
060591100081,1018,500,518
060591100082,596,254,342
060591100083,523,233,290
060591100101,980,411,569
060591100102,554,245,309
060591100103,327,125,202
060591100111,654,294,360
060591100112,560,227,333
060591100121,668,309,359
060591100122,566,261,305
060591100123,456,210,246
060591100124,896,412,484
060591100141,218,114,104
060591100142,358,161,197
060591100143,341,193,148
060591100144,275,147,128
060591100151,572,254,318
060591100152,928,396,532
060591100153,105,57,48
060591101021,569,287,282
060591101022,857,449,408
060591101023,432,229,203
060591101041,979,469,510
060591101042,883,435,448
060591101043,239,115,124
060591101061,281,149,132
060591101062,402,194,208
060591101063,653,300,353
060591101081,189,101,88
060591101082,529,233,296
060591101083,359,168,191
060591101091,294,146,148
060591101092,374,186,188
060591101093,437,217,220
060591101094,474,214,260
060591101101,299,160,139
060591101102,639,310,329
060591101103,519,257,262
060591101111,463,223,240
060591101112,803,386,417
060591101113,570,274,296
060591101131,492,219,273
060591101132,687,316,371
060591101141,619,289,330
060591101142,557,250,307
060591101143,691,326,365
060591101151,320,166,154
060591101152,370,199,171
060591101153,520,260,260
060591101161,532,277,255
060591101162,542,271,271
060591101163,530,265,265
060591101171,557,325,232
060591101172,412,208,204
060591101173,198,116,82
060591101174,538,269,269
060591101181,528,280,248
060591101182,479,255,224
060591102011,661,359,302
060591102012,721,379,342
060591102013,624,327,297
060591102021,173,114,59
060591102022,362,171,191
060591102023,171,113,58
060591102024,550,269,281
060591102025,186,88,98
060591102031,367,167,200
060591102032,716,329,387
060591102033,332,161,171
060591102034,135,42,93
060591103011,927,448,479
060591103012,263,133,130
060591103013,355,181,174
060591103014,384,208,176
060591103021,354,176,178
060591103022,543,281,262
060591103023,640,338,302
060591103031,596,308,288
060591103032,748,364,384
060591103041,673,304,369
060591103042,726,345,381
060591104011,564,306,258
060591104012,394,189,205
060591104013,237,107,130
060591104014,242,114,128
060591104021,408,214,194
060591104022,217,134,83
060591104023,314,200,114
060591105001,224,156,68
060591105002,501,296,205
060591105003,257,169,88
060591105004,224,133,91
060591106031,230,131,99
060591106032,164,107,57
060591106033,259,141,118
060591106034,161,100,61
060591106035,243,166,77
060591106041,598,317,281
060591106042,456,228,228
060591106043,898,440,458
060591106044,465,232,233
060591106051,253,124,129
060591106052,414,203,211
060591106053,378,186,192
060591106054,316,155,161
060591106055,367,181,186
060591106061,297,162,135
060591106062,321,197,124
060591106071,221,115,106
060591106072,395,216,179
060591106073,306,184,122
060599800001,12,6,6
060610201041,231,162,69
060610201042,134,93,41
060610201043,327,228,99
060610201051,197,143,54
060610201052,366,272,94
060610201061,289,211,78
060610201062,297,216,81
060610201071,392,285,107
060610201072,297,215,82
060610201073,109,79,30
060610202001,1228,322,906
060610202002,1368,365,1003
060610202003,213,71,142
060610202004,226,59,167
060610203001,863,443,420
060610203002,626,270,356
060610203003,458,206,252
060610204011,735,389,346
060610204012,215,112,103
060610204021,973,477,496
060610204022,1082,508,574
060610205011,514,142,372
060610205012,491,161,330
060610205013,697,234,463
060610205021,1341,496,845
060610205022,404,126,278
060610205023,893,311,582
060610206011,764,300,464
060610206012,1297,488,809
060610206013,1165,400,765
060610206014,909,310,599
060610206041,495,186,309
060610206042,1417,513,904
060610206043,516,165,351
060610206044,846,280,566
060610206051,1057,404,653
060610206052,1279,465,814
060610206053,917,355,562
060610206061,982,379,603
060610206062,578,234,344
060610206063,800,313,487
060610206071,1234,385,849
060610206072,1271,375,896
060610206081,1020,305,715
060610206082,549,153,396
060610206083,507,141,366
060610207101,654,212,442
060610207102,656,259,397
060610207103,931,352,579
060610207111,579,268,311
060610207112,727,314,413
060610207113,337,156,181
060610207121,423,185,238
060610207122,264,115,149
060610207123,567,248,319
060610207131,550,241,309
060610207132,695,305,390
060610207141,934,353,581
060610207142,969,365,604
060610207151,598,207,391
060610207152,712,245,467
060610207171,435,185,250
060610207172,1517,613,904
060610208051,733,303,430
060610208052,368,153,215
060610208053,375,155,220
060610208061,771,348,423
060610208062,572,240,332
060610209011,330,153,177
060610209012,368,166,202
060610209081,671,255,416
060610209082,607,272,335
060610209083,614,273,341
060610209084,373,152,221
060610210031,544,229,315
060610210032,338,143,195
060610210033,519,212,307
060610210034,247,116,131
060610210035,790,321,469
060610210036,238,106,132
060610210341,773,315,458
060610210342,489,231,258
060610210343,271,114,157
060610210371,868,338,530
060610210381,466,185,281
060610210382,843,335,508
060610210383,564,223,341
060610210384,1061,435,626
060610210391,825,382,443
060610210392,564,265,299
060610210401,712,331,381
060610210402,1006,481,525
060610210403,774,370,404
060610210431,1023,437,586
060610210432,849,348,501
060610210441,528,225,303
060610210442,1139,445,694
060610210443,840,362,478
060610210451,738,305,433
060610210452,408,168,240
060610210461,282,126,156
060610210462,709,309,400
060610210463,769,321,448
060610210471,682,295,387
060610210472,1053,422,631
060610210481,692,287,405
060610210482,737,305,432
060610211031,786,286,500
060610211032,263,96,167
060610211033,446,170,276
060610211034,362,139,223
060610211061,439,177,262
060610211062,780,314,466
060610211081,285,106,179
060610211082,914,354,560
060610211091,1291,478,813
060610211092,900,339,561
060610211093,410,151,259
060610211221,1323,544,779
060610211222,625,260,365
060610211231,1358,545,813
060610211232,833,372,461
060610211233,865,347,518
060610211234,1063,385,678
060610211281,433,187,246
060610211282,810,351,459
060610211291,671,264,407
060610211292,415,170,245
060610211301,182,84,98
060610211302,449,207,242
060610211311,791,315,476
060610211312,634,274,360
060610211313,727,350,377
060610212031,1249,375,874
060610212032,1367,426,941
060610212033,857,249,608
060610212041,985,291,694
060610212042,538,149,389
060610213041,971,186,785
060610213042,325,68,257
060610213043,829,191,638
060610213044,1132,355,777
060610213231,1379,621,758
060610213232,339,148,191
060610213233,571,249,322
060610213234,1785,794,991
060610213241,848,336,512
060610213242,1051,484,567
060610213243,1132,499,633
060610213251,1393,668,725
060610213252,1014,477,537
060610213253,1711,815,896
060610213261,371,183,188
060610213262,1058,506,552
060610213271,844,387,457
060610213272,1603,748,855
060610213273,636,350,286
060610213274,654,373,281
060610213281,282,50,232
060610213282,736,351,385
060610213283,954,418,536
060610213284,1418,675,743
060610213285,298,81,217
060610214011,443,148,295
060610214012,550,200,350
060610214031,275,105,170
060610214032,314,105,209
060610214033,263,110,153
060610214034,456,182,274
060610214035,379,146,233
060610215011,560,174,386
060610215012,727,227,500
060610215013,660,245,415
060610215014,901,318,583
060610215021,1273,535,738
060610215022,592,260,332
060610216031,778,289,489
060610216032,338,138,200
060610216033,412,141,271
060610216041,802,247,555
060610216042,1154,385,769
060610218011,1011,361,650
060610218012,1058,373,685
060610218013,423,144,279
060610218014,436,140,296
060610218021,507,172,335
060610218022,499,193,306
060610218023,494,180,314
060610218024,422,163,259
060610218025,810,328,482
060610219011,599,215,384
060610219012,1017,294,723
060610219021,1156,415,741
060610219022,1084,418,666
060610219023,331,118,213
060610220021,479,166,313
060610220022,1103,347,756
060610220023,512,179,333
060610220024,929,324,605
060610220111,273,182,91
060610220112,601,405,196
060610220131,407,132,275
060610220132,516,171,345
060610220133,439,141,298
060610220141,323,239,84
060610220142,315,235,80
060610220143,174,135,39
060610221001,359,235,124
060610221002,121,78,43
060610222001,111,76,35
060610222002,360,250,110
060610223001,94,62,32
060610223002,199,130,69
060610224001,1067,429,638
060610224002,978,404,574
060610225001,1047,455,592
060610225002,1162,451,711
060610226001,1014,423,591
060610226002,5,2,3
060610226003,623,294,329
060610228001,840,360,480
060610228002,801,345,456
060610229001,650,282,368
060610229002,563,229,334
060610229003,713,290,423
060610230001,580,251,329
060610230002,802,347,455
060610231001,983,408,575
060610231002,1310,543,767
060610231003,1228,523,705
060610232001,1061,401,660
060610232002,1004,402,602
060610233001,865,321,544
060610233002,1366,509,857
060610234001,360,127,233
060610234002,971,346,625
060610234003,941,318,623
060610235011,298,103,195
060610235012,501,178,323
060610235021,759,269,490
060610235022,947,349,598
060610235023,487,165,322
060610235024,732,257,475
060610236001,1626,746,880
060610236002,1187,542,645
060610236003,730,269,461
060610237001,1455,733,722
060610237002,1368,643,725
060610238001,1231,580,651
060610238002,1706,775,931
060610239001,565,196,369
060610239002,878,303,575
060630001001,370,174,196
060630001002,331,140,191
060630001003,265,111,154
060630001004,589,246,343
060630001005,376,154,222
060630001006,375,171,204
060630002011,549,214,335
060630002012,535,212,323
060630002021,349,146,203
060630002022,237,110,127
060630003001,314,110,204
060630003002,443,177,266
060630003003,553,187,366
060630003004,551,123,428
060630004001,391,134,257
060630004002,385,139,246
060630004003,179,62,117
060630005011,279,67,212
060630005012,603,157,446
060630005021,280,68,212
060630005022,245,65,180
060630005023,434,116,318
060650301011,162,114,48
060650301031,186,118,68
060650301032,252,160,92
060650301041,440,270,170
060650301042,251,153,98
060650301043,123,76,47
060650301044,300,191,109
060650302001,379,242,137
060650302002,285,178,107
060650302003,234,148,86
060650302004,410,255,155
060650303001,246,153,93
060650303002,215,134,81
060650303003,202,126,76
060650303004,159,99,60
060650304001,123,91,32
060650304002,264,193,71
060650304003,99,74,25
060650304004,138,102,36
060650304005,174,129,45
060650305011,145,109,36
060650305012,132,99,33
060650305013,292,217,75
060650305021,95,72,23
060650305022,103,76,27
060650305031,68,51,17
060650305032,139,104,35
060650305033,69,52,17
060650306021,578,271,307
060650306022,701,258,443
060650306023,327,136,191
060650306031,705,337,368
060650306032,443,203,240
060650306033,370,170,200
060650306041,479,163,316
060650306042,974,345,629
060650306051,1223,529,694
060650307001,526,302,224
060650307002,389,224,165
060650307003,330,188,142
060650307004,259,138,121
060650307005,422,241,181
060650308001,219,118,101
060650308002,240,129,111
060650308003,441,237,204
060650308004,409,218,191
060650308005,230,119,111
060650308006,546,284,262
060650309001,220,117,103
060650309002,385,204,181
060650310011,516,260,256
060650310012,483,225,258
060650310013,278,144,134
060650310014,289,141,148
060650310021,280,149,131
060650310022,238,127,111
060650310023,199,104,95
060650311001,399,205,194
060650311002,487,227,260
060650311003,348,180,168
060650312001,348,164,184
060650312002,325,154,171
060650312003,358,193,165
060650312004,459,251,208
060650312005,527,279,248
060650313001,226,125,101
060650313002,241,133,108
060650314011,207,112,95
060650314012,401,217,184
060650314013,342,180,162
060650314014,266,144,122
060650314021,257,124,133
060650314022,252,122,130
060650314023,384,206,178
060650314024,190,103,87
060650314025,240,130,110
060650315011,248,120,128
060650315012,146,76,70
060650315013,202,105,97
060650315014,173,84,89
060650315015,19,10,9
060650315016,46,24,22
060650315031,572,305,267
060650315032,234,108,126
060650315033,215,100,115
060650315041,406,226,180
060650315042,265,131,134
060650316011,263,139,124
060650316012,159,91,68
060650316013,248,142,106
060650316021,145,75,70
060650316022,370,172,198
060650316023,326,168,158
060650317011,217,120,97
060650317012,398,197,201
060650317021,344,162,182
060650317022,350,153,197
060650317031,156,94,62
060650317032,706,279,427
060650317041,360,174,186
060650317042,345,165,180
060650317043,256,129,127
060650317044,344,166,178
060650401011,159,116,43
060650401012,456,275,181
060650401021,376,197,179
060650401022,635,300,335
060650402011,361,166,195
060650402012,74,42,32
060650402013,165,89,76
060650402014,470,245,225
060650402021,267,137,130
060650402022,276,127,149
060650402031,137,92,45
060650402032,217,154,63
060650402041,96,69,27
060650402042,130,92,38
060650403021,719,309,410
060650403022,404,179,225
060650403023,435,229,206
060650403024,397,186,211
060650403031,179,102,77
060650403032,495,239,256
060650403041,107,76,31
060650403042,141,95,46
060650403043,102,72,30
060650403051,271,154,117
060650403052,249,131,118
060650404021,356,158,198
060650404022,443,200,243
060650404031,329,157,172
060650404032,257,116,141
060650404033,391,191,200
060650404041,338,181,157
060650404042,235,122,113
060650404051,588,226,362
060650404052,288,116,172
060650404053,634,270,364
060650405011,298,150,148
060650405012,388,185,203
060650405013,398,209,189
060650405021,246,138,108
060650405022,181,102,79
060650405023,243,139,104
060650405031,401,223,178
060650405032,692,375,317
060650406031,365,171,194
060650406041,461,165,296
060650406042,534,199,335
060650406043,561,202,359
060650406051,180,101,79
060650406052,202,99,103
060650406061,289,141,148
060650406062,203,99,104
060650406091,1217,502,715
060650406092,1381,562,819
060650406093,861,380,481
060650406094,787,347,440
060650406111,394,207,187
060650406112,882,430,452
060650406113,543,274,269
060650406114,401,200,201
060650406161,569,287,282
060650406162,734,361,373
060650406163,531,220,311
060650406164,529,241,288
060650406171,1050,497,553
060650406172,561,268,293
060650406181,167,94,73
060650406182,154,89,65
060650406183,1423,655,768
060650406191,718,355,363
060650406192,362,195,167
060650406193,359,167,192
060650406201,634,301,333
060650406202,345,167,178
060650406203,519,251,268
060650406204,636,312,324
060650406211,541,251,290
060650406212,507,252,255
060650406221,328,175,153
060650406222,340,158,182
060650406223,692,366,326
060650407011,922,216,706
060650407021,458,105,353
060650407022,426,99,327
060650407031,413,96,317
060650407032,551,128,423
060650408061,538,183,355
060650408062,501,152,349
060650408071,383,142,241
060650408072,642,240,402
060650408081,408,160,248
060650408082,266,149,117
060650408083,263,147,116
060650408084,268,100,168
060650408091,476,233,243
060650408092,298,156,142
060650408121,495,136,359
060650408122,676,189,487
060650408131,887,228,659
060650408132,712,194,518
060650408133,603,151,452
060650408141,360,205,155
060650408142,299,172,127
060650408143,245,130,115
060650408151,419,242,177
060650408152,387,218,169
060650408161,667,336,331
060650408211,158,83,75
060650408212,443,230,213
060650408213,239,120,119
060650408214,389,204,185
060650409011,484,269,215
060650409012,309,179,130
060650409013,310,173,137
060650409014,377,205,172
060650409021,495,225,270
060650409022,439,216,223
060650409023,431,238,193
060650409031,321,145,176
060650409032,273,139,134
060650409041,201,108,93
060650409042,414,202,212
060650410011,202,113,89
060650410012,132,73,59
060650410021,178,101,77
060650410022,273,154,119
060650410031,469,208,261
060650410041,229,127,102
060650410042,198,111,87
060650410043,208,81,127
060650411011,84,49,35
060650411012,171,105,66
060650411013,125,76,49
060650411021,216,105,111
060650411022,445,197,248
060650412011,338,188,150
060650412012,284,164,120
060650412021,113,63,50
060650412022,254,156,98
060650412023,163,101,62
060650412031,203,112,91
060650412032,233,135,98
060650413011,197,109,88
060650413012,209,114,95
060650413021,392,227,165
060650413022,162,92,70
060650414031,601,280,321
060650414032,563,260,303
060650414041,470,222,248
060650414042,317,152,165
060650414051,362,172,190
060650414052,479,225,254
060650414061,351,192,159
060650414062,365,190,175
060650414063,394,208,186
060650414071,346,191,155
060650414072,236,135,101
060650414073,234,129,105
060650414081,247,114,133
060650414082,276,148,128
060650414101,162,89,73
060650414102,124,74,50
060650414111,225,136,89
060650414112,204,131,73
060650414121,569,315,254
060650414122,436,221,215
060650414131,941,394,547
060650414132,647,272,375
060650414133,941,395,546
060650414141,534,240,294
060650414142,837,386,451
060650414151,266,136,130
060650414152,723,330,393
060650414153,136,57,79
060650415001,127,78,49
060650415002,310,173,137
060650416011,133,77,56
060650416012,165,95,70
060650416021,244,132,112
060650416022,84,49,35
060650417021,183,106,77
060650417022,560,266,294
060650417023,329,158,171
060650417031,113,75,38
060650417032,188,125,63
060650417033,160,106,54
060650417041,191,110,81
060650417042,207,119,88
060650418031,841,347,494
060650418032,365,149,216
060650418033,807,332,475
060650418041,642,257,385
060650418042,894,364,530
060650418051,371,186,185
060650418052,539,255,284
060650418053,512,256,256
060650418061,653,282,371
060650418062,741,317,424
060650418071,307,129,178
060650418072,394,163,231
060650418081,731,311,420
060650418082,914,399,515
060650418083,530,233,297
060650418091,272,129,143
060650418092,448,203,245
060650418093,399,188,211
060650418094,233,110,123
060650418101,704,290,414
060650418102,728,303,425
060650418103,702,252,450
060650418121,514,224,290
060650418122,537,224,313
060650418131,404,216,188
060650418132,599,291,308
060650418133,319,166,153
060650419041,484,189,295
060650419042,496,196,300
060650419043,316,129,187
060650419051,243,115,128
060650419052,251,145,106
060650419061,276,154,122
060650419062,335,189,146
060650419063,321,161,160
060650419064,306,145,161
060650419091,385,153,232
060650419092,343,132,211
060650419093,315,125,190
060650419094,493,193,300
060650419101,700,267,433
060650419102,549,238,311
060650419103,830,366,464
060650419104,775,294,481
060650419121,916,379,537
060650419122,543,217,326
060650419123,488,206,282
060650419131,469,188,281
060650419132,699,298,401
060650419133,592,252,340
060650419141,1227,645,582
060650419142,460,237,223
060650419151,982,400,582
060650419152,538,240,298
060650419153,727,317,410
060650419154,426,176,250
060650420031,792,264,528
060650420032,506,191,315
060650420033,749,294,455
060650420041,539,183,356
060650420042,694,234,460
060650420051,981,378,603
060650420052,526,228,298
060650420053,408,139,269
060650420071,1787,699,1088
060650420072,656,174,482
060650420081,277,92,185
060650420082,540,213,327
060650420083,748,241,507
060650420084,1428,544,884
060650420091,636,241,395
060650420092,216,113,103
060650420093,361,150,211
060650420094,196,104,92
060650420101,157,83,74
060650420102,63,34,29
060650420103,189,101,88
060650420104,174,95,79
060650420121,507,248,259
060650420122,246,120,126
060650420123,343,151,192
060650420124,510,232,278
060650420151,377,164,213
060650420152,952,411,541
060650420153,613,268,345
060650420161,866,373,493
060650420171,582,246,336
060650420172,619,262,357
060650420181,666,295,371
060650420182,643,284,359
060650420183,691,307,384
060650422061,517,299,218
060650422062,398,231,167
060650422063,197,113,84
060650422064,408,236,172
060650422071,839,366,473
060650422072,507,263,244
060650422081,613,302,311
060650422082,688,340,348
060650422091,192,125,67
060650422092,140,93,47
060650422093,150,124,26
060650422101,158,101,57
060650422102,249,167,82
060650422103,148,112,36
060650422121,408,249,159
060650422122,385,221,164
060650422123,328,189,139
060650422124,243,147,96
060650422131,486,324,162
060650422132,417,283,134
060650422133,400,266,134
060650422141,905,532,373
060650422142,492,273,219
060650422143,526,284,242
060650422171,491,271,220
060650422172,544,225,319
060650422173,626,258,368
060650422174,489,201,288
060650423001,433,264,169
060650423002,306,162,144
060650423003,1410,767,643
060650424011,663,287,376
060650424021,476,237,239
060650424022,454,227,227
060650424023,297,148,149
060650424031,560,287,273
060650424032,404,209,195
060650424041,276,167,109
060650424051,173,105,68
060650424052,166,114,52
060650424053,125,86,39
060650424061,352,220,132
060650424062,422,264,158
060650424071,351,187,164
060650424072,299,159,140
060650424081,338,174,164
060650424082,323,165,158
060650424091,337,197,140
060650424092,310,180,130
060650424101,757,439,318
060650424102,459,268,191
060650424111,288,157,131
060650424112,437,239,198
060650424121,396,159,237
060650424122,512,275,237
060650424123,711,374,337
060650425051,127,92,35
060650425052,134,98,36
060650425071,212,141,71
060650425072,418,280,138
060650425073,238,163,75
060650425081,165,109,56
060650425082,171,113,58
060650425083,209,139,70
060650425091,203,132,71
060650425092,241,158,83
060650425101,220,146,74
060650425102,173,117,56
060650425103,204,131,73
060650425111,201,126,75
060650425112,215,143,72
060650425121,194,121,73
060650425122,211,132,79
060650425131,201,126,75
060650425132,329,205,124
060650425141,179,122,57
060650425142,159,97,62
060650425151,149,97,52
060650425152,133,91,42
060650425161,264,180,84
060650425162,178,121,57
060650425171,205,125,80
060650425172,289,175,114
060650425181,246,162,84
060650425182,286,188,98
060650425191,200,125,75
060650425201,282,175,107
060650425202,308,194,114
060650425211,383,242,141
060650425212,259,164,95
060650425221,151,100,51
060650425222,128,85,43
060650425223,247,162,85
060650425231,216,143,73
060650425232,201,137,64
060650425233,132,91,41
060650426211,411,257,154
060650426212,237,149,88
060650426213,290,182,108
060650426214,402,248,154
060650426221,536,297,239
060650426222,449,276,173
060650426231,458,277,181
060650426232,603,365,238
060650426241,561,323,238
060650426242,356,197,159
060650426251,423,247,176
060650426252,315,213,102
060650426261,625,377,248
060650426262,213,140,73
060650426263,380,217,163
060650426271,230,161,69
060650426272,156,103,53
060650426273,249,172,77
060650426281,120,83,37
060650426282,68,45,23
060650426283,168,114,54
060650426284,155,104,51
060650426291,265,184,81
060650426292,228,158,70
060650426293,225,158,67
060650426301,338,233,105
060650426302,252,169,83
060650426303,265,177,88
060650426311,162,108,54
060650426312,227,151,76
060650426313,131,87,44
060650426321,178,118,60
060650426322,155,99,56
060650427081,595,249,346
060650427082,357,126,231
060650427083,425,149,276
060650427091,1077,436,641
060650427092,412,172,240
060650427093,493,206,287
060650427111,957,407,550
060650427112,747,323,424
060650427113,818,346,472
060650427141,1048,226,822
060650427142,552,107,445
060650427161,759,150,609
060650427162,685,156,529
060650427163,783,173,610
060650427171,248,95,153
060650427172,342,99,243
060650427173,614,187,427
060650427191,439,154,285
060650427192,385,137,248
060650427193,191,96,95
060650427201,282,103,179
060650427202,220,90,130
060650427203,418,153,265
060650427231,487,210,277
060650427232,673,308,365
060650427233,212,73,139
060650427241,424,172,252
060650427242,840,364,476
060650427261,305,111,194
060650427262,835,367,468
060650427263,1931,883,1048
060650427281,788,346,442
060650427301,324,126,198
060650427302,178,83,95
060650427303,218,73,145
060650427304,297,149,148
060650427311,923,426,497
060650427312,572,310,262
060650427313,332,165,167
060650427321,671,242,429
060650427322,373,165,208
060650427323,1258,516,742
060650427331,329,150,179
060650427332,2125,877,1248
060650427333,1584,643,941
060650427371,1511,569,942
060650427381,1117,439,678
060650427382,623,230,393
060650427383,625,229,396
060650427391,676,282,394
060650427392,991,379,612
060650427393,361,109,252
060650427394,703,294,409
060650427401,757,316,441
060650427402,416,173,243
060650427411,471,205,266
060650427412,800,346,454
060650427421,1037,438,599
060650427422,902,345,557
060650427431,1423,545,878
060650427441,477,142,335
060650427442,348,123,225
060650427451,1040,385,655
060650427452,728,298,430
060650427453,304,81,223
060650427461,239,181,58
060650427462,179,129,50
060650427471,153,103,50
060650427472,84,61,23
060650427473,184,133,51
060650427481,505,235,270
060650427482,427,176,251
060650427483,969,282,687
060650427491,177,85,92
060650427492,191,97,94
060650427493,597,297,300
060650427501,489,215,274
060650427502,508,250,258
060650427511,502,225,277
060650427512,585,259,326
060650427513,489,220,269
060650427521,514,206,308
060650427522,867,340,527
060650427523,1010,383,627
060650428011,120,85,35
060650428012,126,91,35
060650428013,101,52,49
060650428021,212,141,71
060650428022,153,102,51
060650428023,107,72,35
060650429021,77,49,28
060650429022,129,53,76
060650429023,320,128,192
060650429024,137,87,50
060650429031,135,86,49
060650429032,131,70,61
060650429033,231,78,153
060650429034,128,85,43
060650429051,157,92,65
060650429052,234,124,110
060650429061,248,132,116
060650429062,222,124,98
060650429063,138,81,57
060650429071,203,131,72
060650429072,197,78,119
060650429081,201,125,76
060650429082,234,143,91
060650430011,170,86,84
060650430012,166,84,82
060650430013,1628,799,829
060650430031,404,192,212
060650430032,257,136,121
060650430033,195,99,96
060650430051,481,235,246
060650430052,262,115,147
060650430053,266,109,157
060650430061,251,132,119
060650430062,157,79,78
060650430063,197,83,114
060650430071,675,272,403
060650430072,742,285,457
060650430073,606,230,376
060650430081,969,362,607
060650430082,212,110,102
060650430083,389,150,239
060650430091,752,275,477
060650430092,691,299,392
060650430101,718,259,459
060650430102,370,136,234
060650430103,423,155,268
060650432011,704,310,394
060650432012,694,303,391
060650432021,568,218,350
060650432022,486,124,362
060650432023,878,333,545
060650432031,1196,496,700
060650432032,165,44,121
060650432041,350,141,209
060650432042,844,342,502
060650432043,1261,510,751
060650432051,626,245,381
060650432052,555,227,328
060650432061,463,196,267
060650432062,328,130,198
060650432063,729,284,445
060650432064,165,63,102
060650432065,400,155,245
060650432071,217,92,125
060650432072,207,97,110
060650432073,768,332,436
060650432081,380,164,216
060650432082,677,287,390
060650432083,457,196,261
060650432091,293,133,160
060650432092,872,338,534
060650432101,472,170,302
060650432102,942,359,583
060650432103,259,94,165
060650432111,294,120,174
060650432112,451,184,267
060650432113,488,192,296
060650432114,434,166,268
060650432161,307,152,155
060650432162,733,268,465
060650432163,735,301,434
060650432171,567,220,347
060650432172,500,213,287
060650432181,653,253,400
060650432182,798,264,534
060650432183,678,245,433
060650432201,571,247,324
060650432202,582,251,331
060650432221,831,346,485
060650432222,886,315,571
060650432271,492,174,318
060650432272,677,241,436
060650432273,612,254,358
060650432274,438,162,276
060650432281,322,127,195
060650432282,886,349,537
060650432291,852,348,504
060650432292,666,249,417
060650432293,872,346,526
060650432351,2455,1031,1424
060650432352,1304,483,821
060650432461,374,94,280
060650432462,746,265,481
060650432463,554,182,372
060650432464,466,165,301
060650432481,709,275,434
060650432482,805,289,516
060650432521,728,310,418
060650432522,1331,566,765
060650432523,381,169,212
060650432524,637,275,362
060650432541,372,135,237
060650432542,334,136,198
060650432543,847,366,481
060650432561,260,100,160
060650432562,418,154,264
060650432563,351,132,219
060650432621,909,357,552
060650432622,526,206,320
060650432623,590,236,354
060650432641,698,287,411
060650432642,721,297,424
060650432643,413,151,262
060650432644,805,307,498
060650432651,392,143,249
060650432652,890,322,568
060650432653,311,130,181
060650432654,566,231,335
060650432655,437,155,282
060650432661,173,85,88
060650432662,196,97,99
060650432663,273,134,139
060650432664,170,84,86
060650432671,1133,416,717
060650432672,778,289,489
060650432673,843,325,518
060650432701,1135,388,747
060650432702,740,226,514
060650432711,836,267,569
060650432712,480,148,332
060650432721,748,219,529
060650432722,798,165,633
060650432723,827,213,614
060650432741,233,109,124
060650432742,230,83,147
060650432761,575,212,363
060650432762,670,223,447
060650432781,361,129,232
060650432782,680,205,475
060650432783,481,148,333
060650432784,743,230,513
060650432791,845,278,567
060650432792,512,160,352
060650432793,306,75,231
060650432921,632,150,482
060650432922,495,104,391
060650432923,530,166,364
060650432931,1080,291,789
060650432932,300,70,230
060650432941,825,250,575
060650432942,639,225,414
060650432951,301,103,198
060650432952,395,157,238
060650432953,668,260,408
060650432961,0,0,0
060650432962,1093,456,637
060650432971,1321,522,799
060650432972,1462,627,835
060650432981,660,299,361
060650432982,325,147,178
060650432983,735,331,404
060650433041,594,200,394
060650433042,400,99,301
060650433043,357,141,216
060650433044,696,240,456
060650433045,597,230,367
060650433061,703,322,381
060650433062,585,270,315
060650433071,521,245,276
060650433072,258,112,146
060650433073,182,84,98
060650433074,492,206,286
060650433081,190,84,106
060650433082,167,89,78
060650433091,166,86,80
060650433092,303,113,190
060650433101,273,108,165
060650433102,300,124,176
060650433111,236,94,142
060650433112,310,98,212
060650433121,287,138,149
060650433122,323,144,179
060650433131,242,106,136
060650433132,306,124,182
060650433141,380,157,223
060650433142,456,166,290
060650433151,552,207,345
060650433161,286,119,167
060650433162,439,187,252
060650433163,642,273,369
060650433181,382,170,212
060650433182,826,367,459
060650433191,561,247,314
060650433192,596,254,342
060650434011,288,144,144
060650434012,278,139,139
060650434013,247,127,120
060650434031,238,122,116
060650434032,224,119,105
060650434041,465,232,233
060650434042,349,168,181
060650434051,193,100,93
060650434052,293,168,125
060650434053,364,205,159
060650435031,221,100,121
060650435032,254,133,121
060650435033,268,141,127
060650435034,312,142,170
060650435051,435,182,253
060650435052,480,252,228
060650435061,579,242,337
060650435062,512,234,278
060650435063,255,107,148
060650435064,336,140,196
060650435091,505,238,267
060650435092,416,191,225
060650435093,144,68,76
060650435121,355,154,201
060650435122,331,168,163
060650435123,306,147,159
060650435124,357,167,190
060650435131,603,276,327
060650435171,483,227,256
060650435172,430,192,238
060650435173,478,224,254
060650435181,504,263,241
060650435182,567,235,332
060650435191,379,172,207
060650435192,2,1,1
060650435201,370,155,215
060650435202,483,198,285
060650435211,344,181,163
060650435212,109,56,53
060650435213,120,67,53
060650435221,167,91,76
060650435222,204,97,107
060650435231,273,134,139
060650435232,285,131,154
060650435241,324,129,195
060650435242,174,76,98
060650435243,482,190,292
060650436011,235,124,111
060650436012,255,137,118
060650436021,183,102,81
060650436022,222,124,98
060650437011,580,224,356
060650437012,437,168,269
060650437021,763,299,464
060650437022,448,165,283
060650437031,385,146,239
060650437032,247,96,151
060650438021,706,208,498
060650438022,288,92,196
060650438023,1357,411,946
060650438071,466,184,282
060650438072,536,205,331
060650438073,485,141,344
060650438091,343,96,247
060650438092,337,109,228
060650438093,1975,894,1081
060650438101,636,272,364
060650438102,673,281,392
060650438103,1026,390,636
060650438121,1112,466,646
060650438122,1022,435,587
060650438123,432,186,246
060650438124,2192,1004,1188
060650438131,172,56,116
060650438132,184,85,99
060650438133,182,77,105
060650438134,223,133,90
060650438181,541,249,292
060650438182,473,216,257
060650438201,826,414,412
060650438202,1215,571,644
060650438211,1202,616,586
060650438221,1053,404,649
060650438231,1184,495,689
060650438232,184,63,121
060650438233,890,366,524
060650438234,1134,479,655
060650438241,364,103,261
060650438242,563,212,351
060650438243,738,200,538
060650438244,548,163,385
060650439001,473,176,297
060650439002,229,83,146
060650439003,525,224,301
060650440001,263,122,141
060650441011,315,161,154
060650441012,140,75,65
060650441021,208,107,101
060650441022,287,146,141
060650441031,895,392,503
060650441032,365,163,202
060650441033,572,257,315
060650441041,728,287,441
060650442001,118,66,52
060650442002,248,159,89
060650442003,284,178,106
060650442004,140,90,50
060650443001,399,206,193
060650443002,144,64,80
060650443003,155,63,92
060650444031,268,81,187
060650444032,256,81,175
060650444033,321,108,213
060650444034,220,93,127
060650444041,408,240,168
060650444042,398,238,160
060650444051,484,289,195
060650444052,256,142,114
060650444053,300,163,137
060650444061,523,145,378
060650444062,541,176,365
060650444071,305,98,207
060650444072,414,140,274
060650444073,363,172,191
060650445051,425,225,200
060650445052,348,180,168
060650445053,338,174,164
060650445054,477,251,226
060650445071,230,147,83
060650445072,294,187,107
060650445073,136,71,65
060650445074,168,109,59
060650445091,254,166,88
060650445092,257,165,92
060650445101,136,89,47
060650445102,189,112,77
060650445103,190,126,64
060650445104,216,141,75
060650445151,351,246,105
060650445152,240,159,81
060650445161,500,298,202
060650445162,147,97,50
060650445163,275,186,89
060650445164,285,174,111
060650445171,577,290,287
060650445172,456,248,208
060650445181,527,306,221
060650445182,365,216,149
060650445183,475,264,211
060650445201,302,160,142
060650445202,201,100,101
060650445211,272,146,126
060650445231,196,114,82
060650445232,480,250,230
060650445241,213,123,90
060650445242,273,173,100
060650446021,271,208,63
060650446022,409,314,95
060650446023,465,366,99
060650446041,616,441,175
060650446042,289,206,83
060650446043,455,359,96
060650446051,350,280,70
060650446052,448,368,80
060650446053,335,274,61
060650446054,562,459,103
060650446061,172,103,69
060650446062,197,164,33
060650446063,236,180,56
060650446064,399,306,93
060650447011,677,554,123
060650447012,341,298,43
060650447013,322,279,43
060650447021,336,263,73
060650448041,335,251,84
060650448042,369,282,87
060650448051,417,342,75
060650448052,483,396,87
060650448061,522,435,87
060650448062,389,325,64
060650448071,300,242,58
060650448072,453,367,86
060650449041,474,322,152
060650449042,493,333,160
060650449043,614,416,198
060650449071,207,156,51
060650449072,165,125,40
060650449073,210,159,51
060650449111,554,281,273
060650449112,389,197,192
060650449113,341,156,185
060650449114,455,229,226
060650449161,463,352,111
060650449162,280,197,83
060650449163,479,307,172
060650449164,321,206,115
060650449171,916,605,311
060650449172,477,260,217
060650449173,444,265,179
060650449174,427,261,166
060650449181,562,309,253
060650449182,674,368,306
060650449183,366,201,165
060650449191,722,408,314
060650449192,720,343,377
060650449193,532,289,243
060650449194,493,278,215
060650449211,736,438,298
060650449212,521,285,236
060650449221,674,345,329
060650449222,686,327,359
060650449223,656,355,301
060650449224,742,403,339
060650449231,462,292,170
060650449232,414,263,151
060650449241,477,301,176
060650449242,450,285,165
060650449251,298,200,98
060650449252,537,362,175
060650449261,236,172,64
060650449262,310,212,98
060650449263,337,227,110
060650449271,471,224,247
060650449272,585,262,323
060650449273,316,141,175
060650449281,344,157,187
060650449282,346,166,180
060650449283,272,102,170
060650449284,748,342,406
060650449291,514,269,245
060650449292,463,242,221
060650449293,580,324,256
060650449294,456,252,204
060650449301,121,63,58
060650449302,255,133,122
060650449303,612,331,281
060650449311,638,442,196
060650449321,403,237,166
060650449322,541,318,223
060650449331,94,72,22
060650449332,161,122,39
060650449333,168,128,40
060650449341,212,162,50
060650449342,210,161,49
060650450001,267,203,64
060650450002,625,476,149
060650450003,335,256,79
060650451031,390,229,161
060650451032,365,217,148
060650451033,433,255,178
060650451034,122,81,41
060650451035,232,155,77
060650451091,551,317,234
060650451092,738,424,314
060650451101,543,311,232
060650451102,578,310,268
060650451103,595,319,276
060650451141,497,251,246
060650451142,457,231,226
060650451151,328,164,164
060650451152,547,279,268
060650451161,347,178,169
060650451162,229,117,112
060650451171,396,212,184
060650451172,431,218,213
060650451173,283,144,139
060650451174,439,227,212
060650451181,310,180,130
060650451182,441,247,194
060650451191,600,336,264
060650451192,278,155,123
060650451201,313,169,144
060650451202,719,386,333
060650451203,145,78,67
060650451204,357,192,165
060650451221,385,130,255
060650451222,410,141,269
060650451231,479,190,289
060650451232,568,283,285
060650451241,515,260,255
060650451242,218,105,113
060650451251,402,217,185
060650451252,317,114,203
060650451253,133,59,74
060650451254,234,118,116
060650451261,352,206,146
060650451262,205,114,91
060650451271,774,370,404
060650451272,179,101,78
060650451281,386,146,240
060650451282,630,240,390
060650451291,275,126,149
060650451292,501,232,269
060650451293,314,119,195
060650451294,322,122,200
060650451295,372,142,230
060650452071,174,123,51
060650452072,454,281,173
060650452091,313,192,121
060650452092,355,223,132
060650452121,446,234,212
060650452122,400,168,232
060650452131,364,154,210
060650452132,432,257,175
060650452133,659,387,272
060650452141,666,256,410
060650452142,484,179,305
060650452143,699,288,411
060650452144,555,251,304
060650452161,679,346,333
060650452162,627,319,308
060650452171,520,290,230
060650452172,265,162,103
060650452173,344,210,134
060650452221,457,255,202
060650452222,35,19,16
060650452223,180,97,83
060650452241,168,107,61
060650452242,310,155,155
060650452243,501,251,250
060650452244,364,233,131
060650452261,369,268,101
060650452262,197,142,55
060650452263,294,209,85
060650452281,1298,669,629
060650452282,737,352,385
060650452331,479,207,272
060650452332,598,253,345
060650452333,198,74,124
060650452341,1075,473,602
060650452342,330,145,185
060650452343,518,228,290
060650452351,776,344,432
060650452352,560,258,302
060650453021,314,219,95
060650453022,115,80,35
060650453023,135,96,39
060650453031,146,112,34
060650453032,121,83,38
060650453051,675,320,355
060650453052,458,226,232
060650453053,227,107,120
060650453061,545,256,289
060650453062,482,260,222
060650453063,266,145,121
060650453064,367,199,168
060650455011,120,94,26
060650455012,437,269,168
060650455013,171,119,52
060650455021,171,120,51
060650455022,180,135,45
060650456061,1008,555,453
060650456062,190,71,119
060650456063,436,202,234
060650456064,260,99,161
060650456101,88,70,18
060650456102,54,44,10
060650456103,69,55,14
060650456111,73,58,15
060650456112,165,133,32
060650456121,99,75,24
060650456122,45,35,10
060650456123,128,94,34
060650456131,338,126,212
060650456132,276,122,154
060650456133,337,126,211
060650456141,486,181,305
060650456142,196,84,112
060650456151,302,203,99
060650456152,94,65,29
060650456161,46,34,12
060650456162,74,50,24
060650456171,1144,551,593
060650456172,110,73,37
060650456181,0,0,0
060650456182,28,22,6
060650456183,1,1,0
060650456191,66,52,14
060650456192,91,60,31
060650456193,31,22,9
060650457031,311,245,66
060650457032,249,198,51
060650457033,212,166,46
060650457041,179,143,36
060650457042,205,156,49
060650457061,147,117,30
060650457062,127,100,27
060650457063,201,161,40
060650457071,166,134,32
060650457072,265,192,73
060650457073,204,163,41
060650457074,227,181,46
060650457081,125,91,34
060650457082,195,141,54
060650457091,83,66,17
060650457092,264,192,72
060650459001,180,66,114
060650459002,54,29,25
060650461011,160,61,99
060650461012,330,142,188
060650461021,271,100,171
060650461031,338,128,210
060650461032,270,107,163
060650462001,230,100,130
060650462002,251,111,140
060650464011,533,171,362
060650464012,360,157,203
060650464021,458,198,260
060650464022,438,153,285
060650464031,392,131,261
060650464032,570,179,391
060650464033,286,131,155
060650464034,570,216,354
060650464041,267,95,172
060650464042,580,224,356
060650464043,461,168,293
060650464051,553,180,373
060650464052,521,185,336
060650465011,57,40,17
060650465021,20,16,4
060650465022,10,7,3
060650465023,19,16,3
060650465024,186,152,34
060650465025,69,56,13
060650466011,240,57,183
060650466021,419,104,315
060650466022,901,212,689
060650467001,185,123,62
060650467002,107,71,36
060650467003,112,50,62
060650467004,325,143,182
060650468001,289,181,108
060650468002,469,292,177
060650468003,300,186,114
060650469001,75,26,49
060650469002,109,48,61
060650469003,98,32,66
060650470001,115,48,67
060650470002,107,49,58
060650470003,160,25,135
060650472011,147,85,62
060650472012,190,109,81
060650472013,210,125,85
060650472021,183,80,103
060650472022,179,78,101
060650472023,127,55,72
060650479011,392,157,235
060650479012,742,296,446
060650479013,725,300,425
060650479021,786,302,484
060650479022,779,314,465
060650479023,818,287,531
060650481001,902,351,551
060650481002,992,416,576
060650481003,513,198,315
060650482001,677,331,346
060650482002,457,224,233
060650483001,318,224,94
060650483002,279,181,98
060650483003,313,204,109
060650483004,194,137,57
060650487001,206,126,80
060650487002,455,304,151
060650487003,222,151,71
060650488001,383,262,121
060650488002,273,186,87
060650489011,283,176,107
060650489012,268,179,89
060650489021,351,238,113
060650489022,183,119,64
060650489023,320,210,110
060650490011,446,297,149
060650490012,478,312,166
060650490013,280,190,90
060650490021,224,152,72
060650490022,405,261,144
060650491011,323,162,161
060650491012,184,92,92
060650491021,382,184,198
060650491022,292,140,152
060650491023,463,221,242
060650494001,248,119,129
060650494002,462,234,228
060650494003,712,362,350
060650495011,168,121,47
060650495012,249,178,71
060650495021,180,129,51
060650495022,185,136,49
060650496001,403,204,199
060650496002,760,335,425
060650496003,304,133,171
060650496004,534,233,301
060650497011,850,232,618
060650497012,728,218,510
060650497021,704,176,528
060650497022,1070,316,754
060650497023,445,116,329
060650498001,780,262,518
060650498002,351,117,234
060650503011,449,170,279
060650503012,607,277,330
060650503013,662,292,370
060650503021,512,203,309
060650503022,386,144,242
060650503023,570,225,345
060650504011,414,162,252
060650504012,277,99,178
060650504013,286,108,178
060650504014,453,212,241
060650504021,386,148,238
060650504022,336,124,212
060650504023,536,204,332
060650505011,224,102,122
060650505012,334,150,184
060650505013,598,278,320
060650505021,511,223,288
060650505022,559,252,307
060650505031,216,94,122
060650505032,577,263,314
060650505033,475,211,264
060650506001,402,99,303
060650506002,410,118,292
060650506003,388,116,272
060650506004,866,223,643
060650506005,758,290,468
060650507011,1080,441,639
060650507012,363,148,215
060650507013,513,212,301
060650507021,580,249,331
060650507022,541,175,366
060650509011,150,101,49
060650509012,242,163,79
060650509021,181,103,78
060650509022,261,151,110
060650509023,229,117,112
060650511001,256,176,80
060650511002,188,132,56
060650511003,294,207,87
060650511004,292,195,97
060650512001,517,150,367
060650512002,175,86,89
060650512003,691,248,443
060650513011,421,208,213
060650513012,459,224,235
060650513021,718,328,390
060650513022,438,161,277
060650514011,1119,605,514
060650514012,910,493,417
060650514013,784,422,362
060650514021,846,458,388
060650514022,564,306,258
060650514023,761,413,348
060659401001,21,1,20
060659401002,16,1,15
060659404001,70,55,15
060659404002,347,283,64
060659404003,294,229,65
060659404004,47,38,9
060659405001,655,532,123
060659405002,372,290,82
060659405003,425,347,78
060659406001,305,211,94
060659406002,509,327,182
060659406003,1238,784,454
060659406004,435,271,164
060659407001,554,448,106
060659407002,418,338,80
060659407003,335,272,63
060659408001,511,418,93
060659408002,401,330,71
060659408003,390,319,71
060659408004,397,324,73
060659409001,719,549,170
060659409002,448,335,113
060659410011,550,423,127
060659410012,331,269,62
060659410021,427,321,106
060659410022,482,388,94
060659410023,331,246,85
060659411001,287,214,73
060659411002,222,170,52
060659411003,306,233,73
060659412001,673,572,101
060659412002,585,507,78
060659412003,453,304,149
060659413001,416,332,84
060659413002,362,289,73
060659413003,265,210,55
060659413004,433,345,88
060659414001,414,361,53
060659414002,503,439,64
060659414003,432,376,56
060659415001,604,259,345
060659415002,442,171,271
060659800041,0,0,0
060670001001,1128,761,367
060670001002,542,383,159
060670001003,436,308,128
060670002001,453,335,118
060670002002,708,527,181
060670002003,641,464,177
060670002004,537,397,140
060670003001,541,408,133
060670003002,448,338,110
060670003003,994,767,227
060670004001,373,323,50
060670004002,270,228,42
060670004003,326,277,49
060670004004,266,226,40
060670004005,374,311,63
060670005011,254,215,39
060670005012,391,336,55
060670005021,414,356,58
060670005022,199,171,28
060670006001,208,176,32
060670006002,245,209,36
060670007001,271,204,67
060670008001,171,129,42
060670008002,342,258,84
060670011021,194,151,43
060670011022,263,205,58
060670011031,31,25,6
060670011032,94,74,20
060670011033,213,167,46
060670012011,343,287,56
060670012012,523,452,71
060670012021,299,250,49
060670012022,446,370,76
060670013001,412,349,63
060670013002,401,340,61
060670013003,448,388,60
060670014001,289,240,49
060670014002,222,186,36
060670014003,521,434,87
060670015001,444,299,145
060670015002,638,456,182
060670015003,413,312,101
060670015004,374,291,83
060670015005,659,522,137
060670016011,590,442,148
060670016012,460,346,114
060670016013,473,352,121
060670016021,688,484,204
060670016022,863,578,285
060670017011,626,462,164
060670017021,766,595,171
060670017022,634,481,153
060670017023,333,245,88
060670018001,460,391,69
060670018002,314,270,44
060670018003,254,219,35
060670018004,388,340,48
060670018005,528,460,68
060670019001,263,232,31
060670019002,253,221,32
060670019003,316,273,43
060670019004,228,197,31
060670020001,179,154,25
060670020002,411,350,61
060670020003,228,194,34
060670021001,323,274,49
060670021002,281,239,42
060670021003,201,172,29
060670022001,433,367,66
060670022002,346,295,51
060670022003,378,305,73
060670022004,492,396,96
060670023001,382,309,73
060670023002,517,400,117
060670023003,645,500,145
060670023004,400,315,85
060670024001,972,694,278
060670024002,941,678,263
060670024003,397,331,66
060670024004,510,367,143
060670025001,532,452,80
060670025002,814,688,126
060670026001,525,426,99
060670026002,438,380,58
060670026003,466,404,62
060670027001,232,180,52
060670027002,291,248,43
060670027003,204,175,29
060670027004,324,278,46
060670028001,301,255,46
060670028002,180,152,28
060670028003,295,249,46
060670029001,650,526,124
060670029002,497,381,116
060670029003,375,295,80
060670029004,649,497,152
060670030011,410,275,135
060670030012,368,247,121
060670030021,583,426,157
060670030022,542,417,125
060670030023,440,336,104
060670031011,258,173,85
060670031012,179,120,59
060670031013,298,201,97
060670031014,189,126,63
060670031021,259,182,77
060670031022,368,259,109
060670031023,254,182,72
060670032021,259,177,82
060670032022,217,149,68
060670032023,163,112,51
060670032024,257,174,83
060670032031,159,114,45
060670032032,243,176,67
060670032041,288,205,83
060670032042,139,94,45
060670032043,208,141,67
060670033001,708,527,181
060670033002,679,517,162
060670033003,918,686,232
060670034001,422,336,86
060670034002,580,435,145
060670034003,844,600,244
060670035011,314,239,75
060670035012,491,375,116
060670035013,268,203,65
060670035021,555,423,132
060670035022,227,154,73
060670035023,226,154,72
060670036001,461,363,98
060670036002,240,189,51
060670037001,220,170,50
060670037002,161,129,32
060670037003,266,213,53
060670038001,489,341,148
060670038002,370,274,96
060670038003,204,151,53
060670038004,262,195,67
060670039001,607,454,153
060670039002,540,400,140
060670039003,488,354,134
060670040051,603,420,183
060670040052,286,190,96
060670040053,505,338,167
060670040054,467,313,154
060670040061,310,225,85
060670040062,584,416,168
060670040063,466,326,140
060670040064,463,327,136
060670040081,1085,779,306
060670040082,685,489,196
060670040111,656,441,215
060670040112,836,562,274
060670040121,430,294,136
060670040122,542,372,170
060670040123,572,392,180
060670040131,839,583,256
060670040132,732,493,239
060670040141,511,386,125
060670040142,517,366,151
060670040151,547,363,184
060670040152,468,325,143
060670040153,845,576,269
060670040161,1203,793,410
060670040171,634,447,187
060670040172,532,382,150
060670040181,534,385,149
060670040182,377,264,113
060670040191,608,444,164
060670040192,412,303,109
060670040201,318,232,86
060670040202,400,273,127
060670041001,300,208,92
060670041002,386,262,124
060670041003,222,154,68
060670042011,195,160,35
060670042012,431,338,93
060670042013,491,355,136
060670042021,386,317,69
060670042022,311,246,65
060670042023,277,219,58
060670042031,416,337,79
060670042032,375,300,75
060670043011,262,193,69
060670043012,165,123,42
060670043013,290,204,86
060670043021,316,217,99
060670043022,345,238,107
060670044011,170,126,44
060670044012,169,125,44
060670044013,267,189,78
060670044014,166,115,51
060670044021,160,108,52
060670044022,273,191,82
060670044023,178,126,52
060670045011,296,202,94
060670045012,131,90,41
060670045021,182,128,54
060670045022,136,100,36
060670045023,201,148,53
060670046021,315,220,95
060670046022,122,86,36
060670046023,209,146,63
060670046031,160,107,53
060670046032,165,111,54
060670046041,156,106,50
060670046042,280,189,91
060670046043,246,164,82
060670047011,282,192,90
060670047012,208,147,61
060670047021,344,234,110
060670047022,225,152,73
060670047023,151,111,40
060670048011,200,136,64
060670048012,227,155,72
060670048013,231,165,66
060670048014,215,156,59
060670048021,452,283,169
060670048022,294,196,98
060670049041,435,299,136
060670049042,521,358,163
060670049043,429,289,140
060670049061,455,318,137
060670049062,119,84,35
060670049071,183,147,36
060670049072,59,47,12
060670049081,196,148,48
060670049082,213,165,48
060670049083,318,231,87
060670049091,132,94,38
060670049092,438,311,127
060670049101,291,191,100
060670049102,101,78,23
060670049103,208,160,48
060670050021,307,215,92
060670050022,186,127,59
060670050023,585,425,160
060670050031,373,249,124
060670050032,226,144,82
060670050033,369,235,134
060670050041,113,80,33
060670050042,232,165,67
060670050043,156,111,45
060670051011,303,200,103
060670051012,498,290,208
060670051021,505,291,214
060670051022,576,301,275
060670052011,138,114,24
060670052012,151,125,26
060670052021,562,338,224
060670052023,757,479,278
060670052041,343,211,132
060670052042,387,238,149
060670052043,525,316,209
060670052044,392,234,158
060670052045,322,192,130
060670052051,308,195,113
060670052052,291,192,99
060670053011,112,82,30
060670053012,431,338,93
060670053013,115,88,27
060670054021,365,281,84
060670054022,192,150,42
060670054031,646,475,171
060670054032,635,468,167
060670054041,526,303,223
060670054042,366,222,144
060670054043,342,209,133
060670054044,790,414,376
060670054045,570,305,265
060670054046,364,201,163
060670055021,160,102,58
060670055022,483,304,179
060670055023,433,284,149
060670055051,547,338,209
060670055052,157,116,41
060670055053,311,215,96
060670055061,188,137,51
060670055062,284,206,78
060670055081,240,172,68
060670055082,438,311,127
060670055083,310,223,87
060670055091,331,253,78
060670055101,139,103,36
060670055102,279,206,73
060670055103,349,256,93
060670055104,170,125,45
060670056011,325,189,136
060670056012,462,270,192
060670056013,255,147,108
060670056014,445,292,153
060670056051,431,280,151
060670056052,484,315,169
060670056061,412,232,180
060670056062,477,309,168
060670056063,395,224,171
060670056064,340,192,148
060670057011,668,381,287
060670057012,452,245,207
060670057013,478,276,202
060670057021,552,315,237
060670057022,649,334,315
060670057023,715,415,300
060670057024,403,235,168
060670057025,546,313,233
060670058011,492,280,212
060670058012,674,354,320
060670058013,886,489,397
060670058014,534,285,249
060670058031,980,476,504
060670058032,692,378,314
060670058033,574,323,251
060670058041,693,351,342
060670058042,906,525,381
060670059011,647,344,303
060670059012,711,365,346
060670059013,915,467,448
060670059014,673,363,310
060670059031,362,213,149
060670059032,233,137,96
060670059041,408,212,196
060670059042,448,232,216
060670059043,460,233,227
060670059044,763,429,334
060670060021,245,127,118
060670060022,312,193,119
060670060023,374,227,147
060670060024,349,212,137
060670060025,360,219,141
060670060031,544,312,232
060670060032,436,241,195
060670060033,167,92,75
060670060041,294,181,113
060670060042,436,244,192
060670060043,372,195,177
060670061011,471,293,178
060670061012,613,363,250
060670061013,282,175,107
060670061021,353,220,133
060670061022,453,283,170
060670061023,291,182,109
060670062021,196,127,69
060670062022,385,226,159
060670062023,138,79,59
060670062031,163,101,62
060670062032,381,235,146
060670062041,436,250,186
060670062042,346,207,139
060670063001,240,147,93
060670063002,254,154,100
060670063003,168,101,67
060670063004,117,83,34
060670064001,187,113,74
060670064002,163,98,65
060670064003,177,107,70
060670064004,159,111,48
060670064005,165,118,47
060670065011,225,156,69
060670065012,180,143,37
060670065013,232,163,69
060670065021,241,155,86
060670065022,156,92,64
060670066001,181,132,49
060670066002,176,127,49
060670066003,191,112,79
060670066004,149,93,56
060670066005,179,128,51
060670067031,210,132,78
060670067032,240,159,81
060670067033,265,174,91
060670067041,153,97,56
060670067042,132,85,47
060670067043,251,158,93
060670067051,85,56,29
060670067052,161,107,54
060670067053,181,118,63
060670067054,166,118,48
060670067061,196,153,43
060670067062,304,222,82
060670068011,186,133,53
060670068021,106,74,32
060670068022,131,91,40
060670068031,218,157,61
060670068032,132,95,37
060670069011,275,190,85
060670069012,343,237,106
060670069021,125,87,38
060670069022,261,178,83
060670069023,207,143,64
060670070011,351,237,114
060670070012,148,103,45
060670070013,142,98,44
060670070071,546,383,163
060670070072,138,95,43
060670070073,419,287,132
060670070101,275,202,73
060670070102,456,337,119
060670070103,196,145,51
060670070111,215,155,60
060670070112,455,322,133
060670070113,255,193,62
060670070114,309,215,94
060670070115,86,64,22
060670070116,121,89,32
060670070121,556,417,139
060670070122,550,400,150
060670070131,403,282,121
060670070132,423,307,116
060670070161,446,310,136
060670070162,349,241,108
060670070163,730,465,265
060670070171,364,207,157
060670070172,510,377,133
060670070191,133,103,30
060670070192,536,415,121
060670070201,735,490,245
060670070202,546,348,198
060670070203,703,448,255
060670070211,909,628,281
060670070212,368,258,110
060670070221,230,180,50
060670070222,259,204,55
060670070231,197,153,44
060670070232,367,276,91
060670070233,327,239,88
060670070234,415,283,132
060670070241,499,377,122
060670070251,460,310,150
060670070252,455,332,123
060670070261,959,650,309
060670070262,410,284,126
060670070263,522,360,162
060670070271,209,141,68
060670070272,208,146,62
060670070281,371,277,94
060670070282,367,274,93
060670070283,636,459,177
060670071011,378,221,157
060670071031,657,481,176
060670071032,338,245,93
060670071051,688,456,232
060670071052,848,582,266
060670071053,413,275,138
060670071061,381,259,122
060670071062,973,680,293
060670071063,582,385,197
060670071064,436,284,152
060670071071,798,524,274
060670071072,285,187,98
060670071073,414,284,130
060670071081,976,682,294
060670071082,755,549,206
060670071091,1068,674,394
060670071092,947,623,324
060670071101,792,522,270
060670071102,649,433,216
060670071111,867,576,291
060670071112,533,386,147
060670072021,394,135,259
060670072022,337,125,212
060670072023,318,108,210
060670072041,459,229,230
060670072042,283,153,130
060670072043,453,274,179
060670072061,575,163,412
060670072062,796,250,546
060670072071,450,129,321
060670072072,438,134,304
060670072073,422,125,297
060670072081,230,75,155
060670072082,564,210,354
060670072083,441,146,295
060670072091,418,163,255
060670072092,551,212,339
060670073011,464,252,212
060670073012,176,96,80
060670073013,96,61,35
060670074021,381,193,188
060670074022,482,247,235
060670074023,260,132,128
060670074024,277,141,136
060670074031,431,222,209
060670074032,507,279,228
060670074131,332,161,171
060670074132,403,195,208
060670074133,336,166,170
060670074141,478,218,260
060670074142,387,186,201
060670074151,437,223,214
060670074152,571,307,264
060670074161,535,258,277
060670074162,504,257,247
060670074171,385,187,198
060670074172,585,287,298
060670074221,358,181,177
060670074222,205,103,102
060670074231,28,19,9
060670074232,169,113,56
060670074233,434,271,163
060670074241,296,135,161
060670074242,289,166,123
060670074261,261,119,142
060670074262,266,119,147
060670074271,393,175,218
060670074272,531,250,281
060670074273,414,189,225
060670074274,348,156,192
060670074281,487,219,268
060670074282,493,211,282
060670074291,387,181,206
060670074292,293,147,146
060670074293,315,159,156
060670074301,176,87,89
060670074302,371,183,188
060670074303,585,281,304
060670074304,972,429,543
060670074311,491,241,250
060670074312,577,278,299
060670074321,654,295,359
060670074322,788,351,437
060670074341,263,136,127
060670074342,515,267,248
060670074343,400,182,218
060670074351,404,179,225
060670074361,665,248,417
060670074371,907,393,514
060670074372,513,226,287
060670074373,706,306,400
060670074381,721,297,424
060670074391,608,324,284
060670074392,797,368,429
060670075011,413,195,218
060670075012,295,140,155
060670075013,201,94,107
060670075014,361,189,172
060670075015,317,183,134
060670075031,351,184,167
060670075032,301,160,141
060670075033,94,50,44
060670075034,286,149,137
060670075041,310,148,162
060670075042,367,182,185
060670076021,428,243,185
060670076022,529,312,217
060670076023,569,309,260
060670076024,306,164,142
060670076031,657,369,288
060670076032,567,272,295
060670076041,679,393,286
060670076042,595,350,245
060670077011,371,195,176
060670077012,572,280,292
060670077013,315,166,149
060670077014,327,178,149
060670077015,479,260,219
060670077021,836,478,358
060670077022,279,154,125
060670077023,982,536,446
060670078011,596,309,287
060670078012,681,352,329
060670078013,467,244,223
060670078014,603,315,288
060670078021,650,337,313
060670078022,515,289,226
060670078023,603,335,268
060670078024,348,192,156
060670079031,315,145,170
060670079032,438,203,235
060670079033,274,128,146
060670079034,499,233,266
060670079035,449,217,232
060670079041,636,299,337
060670079042,599,290,309
060670079043,595,291,304
060670079044,359,172,187
060670079051,946,464,482
060670079052,1107,528,579
060670079061,1140,568,572
060670079062,444,235,209
060670080051,504,250,254
060670080052,1363,653,710
060670080053,668,318,350
060670080061,751,330,421
060670080062,774,350,424
060670080063,870,447,423
060670080064,725,324,401
060670080071,712,328,384
060670080072,694,318,376
060670080081,827,398,429
060670080082,810,388,422
060670080083,760,368,392
060670080091,537,269,268
060670080092,466,228,238
060670080093,645,340,305
060670080094,637,343,294
060670080101,362,191,171
060670080102,643,287,356
060670080103,751,349,402
060670080104,672,345,327
060670081111,599,248,351
060670081112,689,280,409
060670081113,544,215,329
060670081114,566,213,353
060670081131,724,303,421
060670081132,309,139,170
060670081171,303,143,160
060670081172,384,195,189
060670081191,515,231,284
060670081192,495,214,281
060670081193,346,156,190
060670081194,423,200,223
060670081195,331,152,179
060670081201,607,229,378
060670081202,560,248,312
060670081203,321,174,147
060670081221,428,200,228
060670081222,904,445,459
060670081223,369,186,183
060670081241,1200,451,749
060670081242,780,308,472
060670081251,1080,407,673
060670081252,398,152,246
060670081253,737,280,457
060670081271,596,228,368
060670081272,848,341,507
060670081281,360,152,208
060670081282,396,154,242
060670081291,614,292,322
060670081292,587,280,307
060670081301,348,151,197
060670081302,506,227,279
060670081303,334,159,175
060670081311,295,132,163
060670081312,116,60,56
060670081313,274,124,150
060670081314,728,305,423
060670081315,270,140,130
060670081321,785,363,422
060670081322,758,336,422
060670081331,351,181,170
060670081332,334,170,164
060670081341,413,206,207
060670081342,606,302,304
060670081343,564,283,281
060670081351,284,144,140
060670081352,432,220,212
060670081353,385,183,202
060670081354,503,240,263
060670081361,275,124,151
060670081362,670,299,371
060670081371,382,166,216
060670081372,438,221,217
060670081381,274,137,137
060670081382,564,254,310
060670081383,477,242,235
060670081391,220,131,89
060670081392,319,192,127
060670081393,344,208,136
060670081401,532,221,311
060670081402,499,208,291
060670081411,332,138,194
060670081412,403,167,236
060670081413,184,86,98
060670081414,233,121,112
060670081415,274,143,131
060670081421,588,251,337
060670081422,369,149,220
060670081431,709,284,425
060670081432,531,188,343
060670081441,301,112,189
060670081442,970,416,554
060670081451,613,224,389
060670081452,596,222,374
060670081453,330,118,212
060670081454,625,236,389
060670081455,541,191,350
060670081456,489,175,314
060670082031,579,211,368
060670082032,815,259,556
060670082033,955,308,647
060670082041,990,383,607
060670082042,1050,413,637
060670082061,317,146,171
060670082062,1178,466,712
060670082063,837,335,502
060670082071,314,117,197
060670082072,266,98,168
060670082073,762,358,404
060670082074,370,157,213
060670082075,365,175,190
060670082081,402,132,270
060670082082,437,163,274
060670082083,426,178,248
060670082084,501,192,309
060670082091,946,411,535
060670082092,1188,519,669
060670082101,1408,588,820
060670082102,1114,480,634
060670082103,582,256,326
060670082111,1007,308,699
060670082112,474,138,336
060670084021,740,327,413
060670084022,573,243,330
060670084023,1085,479,606
060670084031,624,306,318
060670084032,915,447,468
060670084033,648,327,321
060670084041,268,134,134
060670084042,505,252,253
060670084043,485,217,268
060670085011,1287,560,727
060670085012,887,359,528
060670085013,579,317,262
060670085014,496,236,260
060670085041,546,299,247
060670085042,1324,676,648
060670085043,268,143,125
060670085051,489,242,247
060670085052,562,265,297
060670085061,284,145,139
060670085062,198,101,97
060670085063,236,120,116
060670085071,755,366,389
060670085072,753,389,364
060670085081,1083,545,538
060670085082,770,403,367
060670085083,1300,606,694
060670085084,911,537,374
060670085091,720,355,365
060670085092,476,239,237
060670085093,1023,502,521
060670085101,1045,480,565
060670085102,689,330,359
060670085103,895,410,485
060670085121,1639,752,887
060670085122,819,403,416
060670085131,969,509,460
060670085132,611,309,302
060670086011,1444,476,968
060670086012,937,314,623
060670086013,1012,330,682
060670086021,386,113,273
060670086022,575,190,385
060670087021,1103,563,540
060670087022,837,429,408
060670087031,1000,535,465
060670087032,237,135,102
060670087033,987,498,489
060670087034,512,277,235
060670087041,442,245,197
060670087042,21,12,9
060670087043,623,350,273
060670087061,728,404,324
060670087062,6,3,3
060670087071,355,204,151
060670087072,6,3,3
060670087073,207,118,89
060670087074,627,313,314
060670087075,761,445,316
060670087076,367,183,184
060670087081,669,335,334
060670087082,22,13,9
060670087083,15,9,6
060670087084,396,236,160
060670087085,225,133,92
060670087086,411,196,215
060670088021,423,198,225
060670088022,288,134,154
060670088023,427,201,226
060670088031,114,62,52
060670088032,296,140,156
060670089051,464,250,214
060670089052,493,270,223
060670089053,380,214,166
060670089071,242,134,108
060670089072,379,204,175
060670089073,317,171,146
060670089074,317,169,148
060670089081,574,266,308
060670089082,659,332,327
060670089083,371,180,191
060670089091,586,335,251
060670089092,247,125,122
060670089101,523,278,245
060670089102,556,309,247
060670089111,331,189,142
060670089112,172,115,57
060670089121,391,204,187
060670089122,611,328,283
060670089123,368,192,176
060670089131,355,167,188
060670089132,497,226,271
060670089133,490,266,224
060670090041,655,354,301
060670090042,407,220,187
060670090051,654,355,299
060670090052,150,93,57
060670090061,453,256,197
060670090062,568,298,270
060670090063,136,71,65
060670090071,225,148,77
060670090072,246,162,84
060670090081,335,175,160
060670090082,339,181,158
060670090083,299,160,139
060670090101,300,186,114
060670090102,226,140,86
060670090103,211,132,79
060670090104,370,234,136
060670090111,708,345,363
060670090112,256,162,94
060670090113,1005,485,520
060670091031,559,301,258
060670091032,411,223,188
060670091051,298,192,106
060670091052,249,160,89
060670091053,278,178,100
060670091061,608,395,213
060670091062,533,340,193
060670091063,476,321,155
060670091071,369,213,156
060670091072,910,576,334
060670091081,517,299,218
060670091082,436,251,185
060670091083,477,250,227
060670091091,413,224,189
060670091092,655,398,257
060670091093,510,320,190
060670091094,398,223,175
060670091101,78,59,19
060670091102,165,123,42
060670091111,641,357,284
060670091112,375,247,128
060670091113,612,345,267
060670091121,526,317,209
060670091122,565,315,250
060670092011,1683,1061,622
060670092012,260,104,156
060670092013,195,89,106
060670093071,545,242,303
060670093072,919,437,482
060670093073,701,305,396
060670093081,615,299,316
060670093082,1010,477,533
060670093083,565,265,300
060670093091,691,284,407
060670093092,341,131,210
060670093101,532,226,306
060670093102,573,242,331
060670093103,693,311,382
060670093104,521,241,280
060670093105,354,163,191
060670093111,383,216,167
060670093112,841,476,365
060670093113,617,348,269
060670093121,249,168,81
060670093122,487,329,158
060670093123,612,364,248
060670093124,550,306,244
060670093141,424,266,158
060670093142,925,457,468
060670093143,414,219,195
060670093161,523,328,195
060670093162,406,269,137
060670093171,735,473,262
060670093172,401,236,165
060670093173,611,398,213
060670093181,411,273,138
060670093191,567,392,175
060670093192,179,126,53
060670093193,212,137,75
060670093201,320,219,101
060670093202,405,268,137
060670093203,338,235,103
060670093211,215,139,76
060670093212,563,361,202
060670093213,583,390,193
060670093231,1309,636,673
060670093232,1009,541,468
060670093261,677,357,320
060670093262,599,300,299
060670093263,775,361,414
060670093281,663,351,312
060670093282,1091,597,494
060670093283,504,285,219
060670093291,320,188,132
060670093292,278,162,116
060670093301,712,363,349
060670093302,722,361,361
060670093311,462,243,219
060670093312,828,456,372
060670093313,528,281,247
060670093314,650,336,314
060670093321,566,255,311
060670093331,653,375,278
060670093341,862,527,335
060670093342,489,319,170
060670093343,444,282,162
060670093351,446,284,162
060670093352,394,244,150
060670093353,176,117,59
060670093361,440,144,296
060670093362,510,216,294
060670093363,785,257,528
060670094031,960,243,717
060670094041,791,206,585
060670094042,773,236,537
060670094043,643,163,480
060670094044,955,240,715
060670094061,482,118,364
060670094062,536,128,408
060670094081,662,205,457
060670094091,850,270,580
060670094092,846,308,538
060670094101,723,275,448
060670094102,420,168,252
060670094103,673,265,408
060670095011,334,106,228
060670095012,423,177,246
060670095021,827,256,571
060670095022,912,340,572
060670095023,433,163,270
060670095024,350,145,205
060670095031,278,100,178
060670095032,212,74,138
060670095033,259,88,171
060670095041,719,253,466
060670096011,203,148,55
060670096012,417,306,111
060670096013,131,91,40
060670096014,490,365,125
060670096081,265,187,78
060670096082,596,447,149
060670096083,567,398,169
060670096084,372,274,98
060670096091,484,348,136
060670096092,206,142,64
060670096093,453,321,132
060670096101,290,217,73
060670096102,519,359,160
060670096103,408,296,112
060670096111,270,151,119
060670096112,803,492,311
060670096121,382,230,152
060670096122,661,408,253
060670096123,655,421,234
060670096141,822,558,264
060670096142,575,385,190
060670096143,541,354,187
060670096161,611,313,298
060670096162,324,166,158
060670096163,895,507,388
060670096164,494,270,224
060670096171,431,235,196
060670096172,1303,681,622
060670096181,378,247,131
060670096182,513,334,179
060670096183,564,366,198
060670096221,462,311,151
060670096222,329,215,114
060670096223,671,416,255
060670096224,1329,845,484
060670096225,244,153,91
060670096321,417,268,149
060670096322,745,462,283
060670096323,574,357,217
060670096324,457,290,167
060670096331,247,178,69
060670096332,265,190,75
060670096341,296,227,69
060670096342,168,124,44
060670096343,251,185,66
060670096351,677,420,257
060670096352,464,280,184
060670096353,859,551,308
060670096371,320,207,113
060670096372,794,504,290
060670096373,600,363,237
060670096391,306,172,134
060670096392,371,249,122
060670096393,424,285,139
060670096401,202,139,63
060670096402,261,179,82
060670096411,239,186,53
060670096412,292,207,85
060670096413,309,242,67
060670096421,443,295,148
060670096431,475,308,167
060670096432,466,293,173
060670096433,776,488,288
060670096434,428,269,159
060670096441,609,371,238
060670096442,805,504,301
060670096451,731,472,259
060670096452,411,257,154
060670096453,376,237,139
060670096461,464,285,179
060670096462,638,384,254
060670096471,615,404,211
060670096472,452,312,140
060670096473,629,426,203
060670096481,712,459,253
060670096482,310,185,125
060670096491,858,563,295
060670096492,280,167,113
060670096493,399,258,141
060670096501,154,101,53
060670096502,364,239,125
060670096503,392,258,134
060670096511,620,366,254
060670096512,1413,883,530
060670096521,453,298,155
060670096522,1149,777,372
060670096531,133,35,98
060670096532,303,177,126
060670096533,171,53,118
060670098001,397,178,219
060670098002,293,140,153
060670099001,373,168,205
060670099002,406,157,249
060670099003,203,80,123
060670099004,207,77,130
060679883001,29,11,18
060690001001,646,211,435
060690001002,564,256,308
060690001003,278,91,187
060690001004,410,173,237
060690002001,245,116,129
060690002002,218,140,78
060690002003,470,309,161
060690002004,286,139,147
060690002005,203,93,110
060690002006,599,384,215
060690002007,382,176,206
060690003001,363,283,80
060690003002,465,308,157
060690003003,418,290,128
060690004001,341,226,115
060690004002,134,92,42
060690004003,145,92,53
060690004004,239,148,91
060690004005,396,250,146
060690004006,189,120,69
060690005011,946,507,439
060690005012,534,300,234
060690005013,472,252,220
060690005021,522,288,234
060690005022,638,365,273
060690005023,302,203,99
060690005024,235,160,75
060690006011,856,447,409
060690006012,562,294,268
060690006013,238,81,157
060690006021,391,221,170
060690006022,306,161,145
060690006023,461,262,199
060690007011,510,315,195
060690007012,339,213,126
060690007021,739,408,331
060690007022,587,291,296
060690007023,18,9,9
060690007024,738,377,361
060690008011,709,334,375
060690008012,911,425,486
060690008021,262,77,185
060690008022,469,229,240
060690008023,397,157,240
060690008024,445,155,290
060710001031,391,189,202
060710001032,355,173,182
060710001033,448,217,231
060710001041,893,445,448
060710001042,506,257,249
060710001043,614,311,303
060710001051,580,320,260
060710001052,1365,654,711
060710001071,1002,396,606
060710001081,557,229,328
060710001082,491,206,285
060710001083,618,266,352
060710001091,490,206,284
060710001092,336,135,201
060710001093,612,244,368
060710001094,526,206,320
060710001095,530,215,315
060710001111,244,88,156
060710001112,714,275,439
060710001151,759,342,417
060710001152,448,205,243
060710001153,949,467,482
060710001154,315,144,171
060710001171,802,354,448
060710001172,932,390,542
060710001173,259,129,130
060710001174,417,184,233
060710001181,919,409,510
060710001182,742,327,415
060710001191,495,264,231
060710001192,617,251,366
060710001201,280,126,154
060710001202,373,180,193
060710001203,620,278,342
060710001204,584,291,293
060710001211,412,171,241
060710001212,412,187,225
060710001213,1081,473,608
060710001214,595,271,324
060710001221,718,334,384
060710001222,350,160,190
060710002011,175,112,63
060710002012,417,272,145
060710002013,222,142,80
060710002031,438,269,169
060710002032,184,112,72
060710002033,245,152,93
060710002051,300,183,117
060710002052,522,291,231
060710002053,217,121,96
060710002071,307,189,118
060710002072,276,170,106
060710002073,164,101,63
060710002081,612,386,226
060710002082,279,155,124
060710003041,333,197,136
060710003042,484,282,202
060710003043,205,120,85
060710003051,60,39,21
060710003052,60,39,21
060710003053,141,86,55
060710003054,140,85,55
060710003061,172,113,59
060710003062,142,91,51
060710003071,139,92,47
060710003072,214,132,82
060710003081,170,114,56
060710003082,260,167,93
060710004011,474,238,236
060710004012,311,133,178
060710004013,416,151,265
060710004014,712,271,441
060710004031,294,114,180
060710004032,438,179,259
060710004033,493,162,331
060710004041,759,338,421
060710004042,487,226,261
060710005011,408,204,204
060710005012,546,237,309
060710005013,469,228,241
060710005014,400,181,219
060710005031,276,156,120
060710005032,466,204,262
060710005033,333,192,141
060710005041,260,124,136
060710005042,610,221,389
060710005043,769,304,465
060710006031,214,100,114
060710006032,254,126,128
060710006033,646,281,365
060710006041,586,251,335
060710006042,211,109,102
060710006043,339,167,172
060710006051,343,183,160
060710006052,342,185,157
060710006061,432,198,234
060710006062,267,138,129
060710008041,635,236,399
060710008042,910,340,570
060710008081,546,257,289
060710008082,481,240,241
060710008083,297,148,149
060710008084,456,204,252
060710008121,511,197,314
060710008122,321,142,179
060710008123,529,215,314
060710008131,799,331,468
060710008132,815,335,480
060710008141,420,139,281
060710008142,653,269,384
060710008143,427,171,256
060710008144,432,149,283
060710008151,819,404,415
060710008152,868,423,445
060710008161,467,164,303
060710008162,802,322,480
060710008163,696,310,386
060710008171,509,244,265
060710008172,540,255,285
060710008173,443,209,234
060710008181,635,304,331
060710008182,510,209,301
060710008183,508,235,273
060710008184,552,208,344
060710008191,514,221,293
060710008192,914,377,537
060710008193,837,349,488
060710008201,858,311,547
060710008202,560,206,354
060710008203,531,238,293
060710008211,447,282,165
060710008212,347,225,122
060710008231,380,194,186
060710008232,234,132,102
060710008233,204,117,87
060710008234,297,168,129
060710008241,174,95,79
060710008242,285,144,141
060710008243,325,151,174
060710008244,214,116,98
060710008251,162,93,69
060710008252,303,172,131
060710008253,133,76,57
060710008261,405,188,217
060710008262,279,142,137
060710008263,355,179,176
060710009011,374,195,179
060710009012,407,211,196
060710009013,247,136,111
060710009031,214,131,83
060710009032,254,157,97
060710009033,212,130,82
060710009041,460,265,195
060710009042,246,153,93
060710010011,354,184,170
060710010012,277,164,113
060710010013,247,129,118
060710010021,191,116,75
060710010022,222,137,85
060710010023,85,47,38
060710010024,117,66,51
060710011011,155,86,69
060710011012,232,128,104
060710011013,72,47,25
060710011031,380,211,169
060710011032,429,207,222
060710011033,299,165,134
060710011041,605,279,326
060710011042,244,130,114
060710011043,407,220,187
060710012001,372,187,185
060710012002,261,153,108
060710012003,286,152,134
060710012004,273,132,141
060710013051,306,191,115
060710013052,179,103,76
060710013053,94,54,40
060710013071,380,230,150
060710013072,265,158,107
060710013081,357,215,142
060710013082,215,120,95
060710013091,261,173,88
060710013092,199,130,69
060710013093,196,127,69
060710013101,254,152,102
060710013102,247,150,97
060710013103,214,131,83
060710013104,188,113,75
060710013111,538,311,227
060710013112,405,238,167
060710013121,352,223,129
060710013122,287,178,109
060710013123,538,355,183
060710014001,254,142,112
060710014002,255,159,96
060710015011,233,151,82
060710015012,165,109,56
060710015031,87,66,21
060710015032,185,116,69
060710015041,215,140,75
060710015042,195,127,68
060710015043,157,102,55
060710016001,87,54,33
060710016002,8,3,5
060710016003,130,89,41
060710016004,87,60,27
060710016005,118,77,41
060710017021,292,149,143
060710017022,499,205,294
060710017023,661,275,386
060710017031,409,192,217
060710017032,426,183,243
060710017033,567,260,307
060710017034,271,125,146
060710017041,280,149,131
060710017042,286,148,138
060710017043,370,191,179
060710017061,219,143,76
060710017062,112,66,46
060710017063,114,67,47
060710017064,296,175,121
060710017071,352,223,129
060710017072,314,181,133
060710017073,469,248,221
060710018031,496,289,207
060710018032,72,41,31
060710018041,629,334,295
060710018042,439,224,215
060710018043,373,181,192
060710018061,392,199,193
060710018062,358,187,171
060710018063,537,252,285
060710018081,359,205,154
060710018082,260,130,130
060710018083,282,141,141
060710018091,324,162,162
060710018092,288,144,144
060710018093,229,114,115
060710018101,258,150,108
060710018102,259,150,109
060710018103,248,143,105
060710018121,205,131,74
060710018122,179,114,65
060710018131,154,105,49
060710018132,86,60,26
060710018133,81,56,25
060710019011,673,291,382
060710019012,546,220,326
060710019013,697,306,391
060710019061,347,184,163
060710019062,674,370,304
060710019063,1814,1034,780
060710019064,221,118,103
060710019071,371,236,135
060710019072,681,353,328
060710019073,964,488,476
060710019081,1589,842,747
060710019091,686,349,337
060710019101,333,131,202
060710019111,617,253,364
060710019112,391,174,217
060710019113,707,289,418
060710020111,1046,329,717
060710020112,809,238,571
060710020131,525,252,273
060710020132,1164,378,786
060710020141,1008,310,698
060710020142,1248,423,825
060710020151,810,328,482
060710020152,798,351,447
060710020161,597,261,336
060710020162,623,278,345
060710020171,1119,355,764
060710020172,523,162,361
060710020173,964,319,645
060710020181,1115,399,716
060710020182,796,361,435
060710020191,806,396,410
060710020192,497,290,207
060710020211,774,292,482
060710020212,597,266,331
060710020213,561,246,315
060710020231,368,158,210
060710020232,259,114,145
060710020233,417,222,195
060710020234,421,184,237
060710020251,972,413,559
060710020252,836,354,482
060710020271,561,248,313
060710020272,530,258,272
060710020273,558,241,317
060710020281,756,346,410
060710020282,812,349,463
060710020291,485,220,265
060710020292,516,233,283
060710020293,476,187,289
060710020294,661,262,399
060710020311,549,248,301
060710020312,844,379,465
060710020313,643,291,352
060710020351,508,277,231
060710020352,761,358,403
060710020353,413,232,181
060710020354,261,142,119
060710020371,298,153,145
060710020372,578,326,252
060710020373,449,253,196
060710020374,671,358,313
060710020381,733,434,299
060710020382,700,415,285
060710020391,1008,535,473
060710020392,923,424,499
060710020401,633,245,388
060710020402,900,386,514
060710020411,829,325,504
060710020412,928,403,525
060710020421,928,357,571
060710020431,758,375,383
060710020432,530,267,263
060710020433,650,295,355
060710020441,809,373,436
060710020442,718,329,389
060710020451,356,171,185
060710020452,586,282,304
060710020461,640,336,304
060710020462,524,224,300
060710020463,416,243,173
060710020464,300,144,156
060710020471,206,116,90
060710020472,294,153,141
060710020473,179,95,84
060710020481,565,284,281
060710020482,519,250,269
060710020491,258,127,131
060710020492,401,225,176
060710020501,343,203,140
060710020502,397,236,161
060710020503,393,220,173
060710020511,450,268,182
060710020512,510,300,210
060710021011,403,257,146
060710021012,396,217,179
060710021031,264,145,119
060710021032,201,103,98
060710021033,403,221,182
060710021051,555,317,238
060710021052,211,106,105
060710021053,450,236,214
060710021071,229,115,114
060710021072,449,220,229
060710021073,330,166,164
060710021091,143,94,49
060710021092,168,116,52
060710021093,419,273,146
060710021111,292,153,139
060710021112,224,151,73
060710021113,124,70,54
060710021121,305,190,115
060710021122,400,256,144
060710022041,69,50,19
060710022042,174,99,75
060710022043,140,94,46
060710022044,252,168,84
060710022061,603,301,302
060710022062,245,127,118
060710022063,347,215,132
060710022064,491,287,204
060710022071,413,234,179
060710023061,167,114,53
060710023062,504,307,197
060710023071,398,253,145
060710023072,253,162,91
060710023073,165,105,60
060710023081,326,189,137
060710023082,133,92,41
060710023083,784,463,321
060710023084,292,173,119
060710023091,314,191,123
060710023092,352,217,135
060710023101,386,216,170
060710023102,880,523,357
060710023111,514,286,228
060710023112,418,227,191
060710023113,321,178,143
060710023121,597,355,242
060710023122,607,350,257
060710023131,363,221,142
060710023132,467,287,180
060710023133,391,250,141
060710023141,746,362,384
060710023142,998,487,511
060710023151,635,331,304
060710023152,575,339,236
060710024031,120,81,39
060710024032,135,96,39
060710024033,265,181,84
060710024041,160,96,64
060710024042,175,115,60
060710024051,229,150,79
060710024052,151,99,52
060710024053,165,106,59
060710024061,108,76,32
060710024062,107,72,35
060710025011,129,84,45
060710025012,189,125,64
060710025013,148,108,40
060710025014,135,102,33
060710025031,258,167,91
060710025032,160,102,58
060710025041,213,140,73
060710025042,196,129,67
060710026021,358,221,137
060710026022,319,197,122
060710026023,353,218,135
060710026024,234,144,90
060710026041,291,180,111
060710026042,286,172,114
060710026043,162,98,64
060710026044,276,166,110
060710026061,453,292,161
060710026062,286,181,105
060710026063,415,279,136
060710026081,135,67,68
060710026082,450,279,171
060710026083,499,311,188
060710026091,327,198,129
060710026092,118,66,52
060710026101,295,202,93
060710026102,341,232,109
060710026111,482,315,167
060710026112,312,201,111
060710027031,570,321,249
060710027032,494,261,233
060710027033,467,249,218
060710027051,338,201,137
060710027052,427,252,175
060710027053,333,233,100
060710027054,230,137,93
060710027061,2234,1055,1179
060710027062,441,268,173
060710027063,544,321,223
060710027071,413,223,190
060710027072,412,244,168
060710027081,694,393,301
060710027082,740,417,323
060710027091,1748,924,824
060710028011,299,187,112
060710028012,147,93,54
060710028013,117,73,44
060710028031,110,68,42
060710028032,99,62,37
060710028033,126,78,48
060710028041,139,99,40
060710028042,78,61,17
060710028043,104,80,24
060710029011,121,88,33
060710029012,192,126,66
060710029013,190,113,77
060710029021,147,92,55
060710029022,203,131,72
060710029023,242,145,97
060710029024,158,104,54
060710029025,120,79,41
060710030001,241,144,97
060710030002,151,110,41
060710031011,166,104,62
060710031012,256,158,98
060710031013,101,67,34
060710031021,198,129,69
060710031022,84,60,24
060710031023,78,54,24
060710032011,294,176,118
060710032012,130,78,52
060710032013,194,116,78
060710032021,127,76,51
060710032022,303,174,129
060710032023,187,104,83
060710033011,335,210,125
060710033012,168,106,62
060710033013,119,83,36
060710033021,151,91,60
060710033022,209,105,104
060710033023,282,172,110
060710033024,98,53,45
060710034011,274,156,118
060710034012,198,117,81
060710034013,323,179,144
060710034014,234,134,100
060710034031,168,102,66
060710034032,268,163,105
060710034033,164,91,73
060710034041,151,103,48
060710034042,233,141,92
060710034043,62,37,25
060710034051,150,86,64
060710034052,90,56,34
060710034053,200,127,73
060710035031,282,186,96
060710035032,374,238,136
060710035033,254,169,85
060710035051,230,156,74
060710035052,142,93,49
060710035053,271,187,84
060710035061,138,90,48
060710035062,251,158,93
060710035063,300,189,111
060710035071,555,353,202
060710035072,306,204,102
060710035091,258,173,85
060710035092,306,203,103
060710035101,183,127,56
060710035102,87,60,27
060710035103,133,92,41
060710036031,373,250,123
060710036032,374,222,152
060710036051,294,176,118
060710036052,333,211,122
060710036061,102,61,41
060710036062,193,121,72
060710036063,172,102,70
060710036064,114,69,45
060710036071,436,287,149
060710036072,363,222,141
060710036091,157,108,49
060710036092,219,132,87
060710036093,253,154,99
060710036111,325,242,83
060710036112,278,202,76
060710036121,413,294,119
060710036122,177,111,66
060710037001,169,116,53
060710037002,235,154,81
060710038011,250,165,85
060710038012,321,212,109
060710038013,328,217,111
060710038031,276,176,100
060710038032,366,257,109
060710038041,268,177,91
060710038042,272,180,92
060710038043,432,284,148
060710039001,233,158,75
060710039002,220,149,71
060710039003,184,112,72
060710040011,327,192,135
060710040012,177,116,61
060710040031,144,102,42
060710040032,207,108,99
060710040033,269,162,107
060710040041,546,258,288
060710040042,180,98,82
060710040043,154,86,68
060710041011,104,61,43
060710041012,166,112,54
060710041013,166,105,61
060710041014,56,34,22
060710041031,179,133,46
060710041032,110,82,28
060710041033,105,70,35
060710041041,158,105,53
060710041042,118,75,43
060710041043,72,43,29
060710042011,216,183,33
060710042012,244,200,44
060710042013,256,210,46
060710042021,206,166,40
060710042022,153,117,36
060710042023,129,95,34
060710043011,234,182,52
060710043012,110,84,26
060710043013,239,183,56
060710043021,131,101,30
060710043022,104,81,23
060710043023,306,221,85
060710044011,100,56,44
060710044012,257,166,91
060710044013,220,151,69
060710044031,325,201,124
060710044032,121,79,42
060710044033,189,124,65
060710044041,136,101,35
060710044042,206,130,76
060710044043,151,97,54
060710045031,860,386,474
060710045032,431,126,305
060710045051,289,149,140
060710045052,227,125,102
060710045053,308,162,146
060710045071,146,80,66
060710045072,208,125,83
060710045073,263,144,119
060710045091,358,190,168
060710045092,231,127,104
060710045093,403,214,189
060710045101,262,124,138
060710045102,229,145,84
060710045103,221,140,81
060710045111,289,155,134
060710045112,494,264,230
060710045121,582,312,270
060710045122,585,283,302
060710046011,374,201,173
060710046012,222,119,103
060710046013,180,97,83
060710046014,250,134,116
060710046015,244,131,113
060710046031,191,101,90
060710046032,162,82,80
060710046033,389,207,182
060710046034,358,191,167
060710046041,151,98,53
060710046042,169,108,61
060710046043,262,140,122
060710046044,314,183,131
060710047001,101,78,23
060710047002,109,80,29
060710047003,85,63,22
060710047004,81,59,22
060710047005,97,71,26
060710048001,152,117,35
060710048002,135,104,31
060710049011,193,127,66
060710049012,133,97,36
060710049021,107,72,35
060710049022,166,111,55
060710051011,451,230,221
060710051012,215,118,97
060710051013,227,125,102
060710051014,227,126,101
060710051021,237,133,104
060710051022,175,104,71
060710051023,162,91,71
060710052001,225,123,102
060710052002,205,121,84
060710052003,119,71,48
060710052004,204,112,92
060710053001,213,127,86
060710053002,129,77,52
060710053003,111,66,45
060710053004,161,96,65
060710053005,125,70,55
060710054001,159,108,51
060710054002,102,68,34
060710054003,182,122,60
060710054004,150,99,51
060710055011,106,75,31
060710055012,41,30,11
060710055021,98,74,24
060710055022,86,64,22
060710055023,90,72,18
060710055024,67,53,14
060710056011,78,59,19
060710056012,107,82,25
060710056013,105,80,25
060710056021,140,106,34
060710056022,84,65,19
060710057011,123,87,36
060710057012,93,67,26
060710058001,108,84,24
060710058002,139,98,41
060710058003,105,74,31
060710061011,212,121,91
060710061012,321,191,130
060710061013,246,101,145
060710061021,332,186,146
060710061022,148,84,64
060710061023,391,166,225
060710062011,164,84,80
060710062012,170,97,73
060710062013,329,194,135
060710062031,276,186,90
060710062032,170,112,58
060710062041,169,118,51
060710062042,153,110,43
060710063011,127,79,48
060710063012,139,89,50
060710063013,222,138,84
060710063014,100,62,38
060710063031,127,69,58
060710063032,145,78,67
060710063033,77,45,32
060710063041,228,139,89
060710063042,132,74,58
060710063043,177,106,71
060710064011,35,25,10
060710064012,156,112,44
060710064021,204,127,77
060710064022,29,21,8
060710064023,118,75,43
060710065011,128,85,43
060710065012,129,98,31
060710065021,102,61,41
060710065022,137,95,42
060710066011,314,195,119
060710066012,159,99,60
060710066013,191,119,72
060710066031,466,302,164
060710066032,492,311,181
060710066041,312,215,97
060710066042,221,150,71
060710067001,203,134,69
060710067002,172,116,56
060710067003,142,95,47
060710067004,112,74,38
060710070011,213,157,56
060710070012,160,109,51
060710070021,221,146,75
060710070022,130,81,49
060710070023,239,167,72
060710071041,224,102,122
060710071042,303,137,166
060710071043,561,256,305
060710071044,277,128,149
060710071051,775,400,375
060710071061,319,147,172
060710071062,237,110,127
060710071063,369,170,199
060710071064,357,165,192
060710071071,241,169,72
060710071072,185,100,85
060710071081,239,157,82
060710071101,369,217,152
060710071102,385,228,157
060710071103,376,206,170
060710071111,570,260,310
060710071112,387,176,211
060710071121,106,80,26
060710071122,198,121,77
060710072011,232,136,96
060710072012,284,157,127
060710072021,108,63,45
060710072022,85,63,22
060710072023,112,62,50
060710073031,181,129,52
060710073032,279,160,119
060710073033,201,116,85
060710073051,206,121,85
060710073052,210,125,85
060710073053,273,163,110
060710073061,317,191,126
060710073062,108,65,43
060710073063,320,187,133
060710073064,543,318,225
060710073071,612,295,317
060710073072,540,263,277
060710073073,394,197,197
060710073081,600,292,308
060710073082,384,188,196
060710073083,614,274,340
060710074041,239,112,127
060710074042,325,152,173
060710074043,249,114,135
060710074044,415,194,221
060710074045,244,113,131
060710074071,60,40,20
060710074072,80,54,26
060710074073,84,56,28
060710074081,183,124,59
060710074082,158,106,52
060710074083,81,52,29
060710074091,360,201,159
060710074092,261,153,108
060710074093,478,233,245
060710074101,199,104,95
060710074102,468,223,245
060710074103,54,30,24
060710074104,367,196,171
060710074111,406,184,222
060710074121,255,137,118
060710074122,169,102,67
060710074123,452,240,212
060710074124,324,162,162
060710076031,145,94,51
060710076032,160,87,73
060710076033,247,150,97
060710076041,164,94,70
060710076042,234,136,98
060710076043,469,218,251
060710076051,54,35,19
060710076052,111,70,41
060710076053,111,73,38
060710076061,138,91,47
060710076062,116,76,40
060710078001,504,314,190
060710078002,315,185,130
060710078003,259,154,105
060710078004,317,188,129
060710079031,670,280,390
060710079032,506,228,278
060710079033,498,213,285
060710079041,500,214,286
060710079042,660,281,379
060710079043,610,237,373
060710079044,864,321,543
060710079051,235,107,128
060710079052,506,167,339
060710079053,649,268,381
060710079061,618,306,312
060710079062,1046,417,629
060710080011,327,156,171
060710080012,326,180,146
060710080013,425,253,172
060710080014,609,309,300
060710080031,152,92,60
060710080032,116,69,47
060710080033,76,45,31
060710080034,193,113,80
060710080041,238,140,98
060710080042,221,135,86
060710081001,310,173,137
060710081002,295,174,121
060710081003,154,91,63
060710082011,382,214,168
060710082012,198,117,81
060710082013,581,338,243
060710082021,750,413,337
060710082022,380,205,175
060710083011,327,186,141
060710083012,557,310,247
060710083013,354,201,153
060710083014,650,343,307
060710083015,564,293,271
060710083021,464,249,215
060710083022,442,229,213
060710083023,801,348,453
060710084021,304,151,153
060710084022,987,474,513
060710084023,562,263,299
060710084024,610,287,323
060710084031,587,279,308
060710084032,880,362,518
060710084033,734,306,428
060710084034,462,225,237
060710084041,166,109,57
060710084042,231,152,79
060710084051,525,255,270
060710084052,441,212,229
060710084053,475,248,227
060710084061,859,403,456
060710084062,894,441,453
060710085011,1112,491,621
060710085012,1050,467,583
060710085021,594,265,329
060710085022,600,242,358
060710085023,952,394,558
060710085024,320,119,201
060710086011,196,79,117
060710086012,369,178,191
060710086013,498,212,286
060710086014,513,214,299
060710086021,638,249,389
060710086022,683,209,474
060710087051,300,90,210
060710087052,311,93,218
060710087053,309,100,209
060710087054,360,105,255
060710087081,476,137,339
060710087082,557,164,393
060710087083,531,160,371
060710087091,331,94,237
060710087092,388,115,273
060710087093,474,162,312
060710087101,318,113,205
060710087102,313,135,178
060710087103,358,132,226
060710087111,1250,253,997
060710087112,747,202,545
060710087121,1089,258,831
060710087122,933,259,674
060710087131,470,147,323
060710087132,439,140,299
060710087133,506,151,355
060710087141,821,253,568
060710087142,285,96,189
060710087151,627,199,428
060710087152,680,212,468
060710087153,559,175,384
060710087154,596,183,413
060710087161,891,279,612
060710087162,774,241,533
060710087163,521,166,355
060710088001,594,150,444
060710088002,444,178,266
060710088003,612,217,395
060710088004,283,82,201
060710089011,264,69,195
060710089012,234,58,176
060710091091,491,122,369
060710091092,401,100,301
060710091093,308,69,239
060710091094,468,107,361
060710091191,533,127,406
060710091192,486,107,379
060710091193,432,126,306
060710091194,166,40,126
060710091201,436,123,313
060710091202,580,139,441
060710091211,281,75,206
060710091212,680,176,504
060710091221,382,113,269
060710091222,447,119,328
060710091231,280,93,187
060710091232,336,77,259
060710091241,194,114,80
060710091242,269,157,112
060710091251,472,272,200
060710091252,278,160,118
060710091261,557,335,222
060710091262,327,144,183
060710091263,135,79,56
060710091271,464,244,220
060710091272,331,205,126
060710091273,269,167,102
060710091281,501,312,189
060710091282,343,216,127
060710091291,238,148,90
060710091292,314,177,137
060710091293,301,183,118
060710091301,139,85,54
060710091302,447,242,205
060710091311,69,48,21
060710091312,94,64,30
060710091313,156,94,62
060710091321,144,84,60
060710091322,62,28,34
060710091331,265,103,162
060710091332,122,76,46
060710091333,270,154,116
060710091341,136,32,104
060710091351,555,284,271
060710091352,121,38,83
060710091353,354,193,161
060710091361,99,59,40
060710091362,426,254,172
060710091363,278,168,110
060710091371,227,104,123
060710091372,517,247,270
060710091381,410,244,166
060710091382,424,205,219
060710091391,266,152,114
060710091392,476,243,233
060710091393,219,106,113
060710092011,775,283,492
060710092012,618,224,394
060710092013,530,194,336
060710092021,462,171,291
060710092022,228,64,164
060710093001,287,78,209
060710094001,168,78,90
060710094002,67,38,29
060710094003,107,64,43
060710095011,143,65,78
060710095012,178,72,106
060710095013,205,89,116
060710095021,240,112,128
060710095022,226,102,124
060710097081,392,85,307
060710097082,424,82,342
060710097083,617,137,480
060710097084,234,47,187
060710097091,294,82,212
060710097092,460,139,321
060710097093,316,114,202
060710097094,368,132,236
060710097121,174,66,108
060710097122,417,145,272
060710097123,304,103,201
060710097124,341,111,230
060710097131,441,129,312
060710097132,399,115,284
060710097133,189,72,117
060710097134,138,53,85
060710097135,403,154,249
060710097141,272,80,192
060710097142,318,98,220
060710097143,449,151,298
060710097171,611,183,428
060710097172,887,232,655
060710097181,1223,469,754
060710097182,1384,529,855
060710097191,529,140,389
060710097192,332,69,263
060710097201,335,114,221
060710097211,334,154,180
060710097212,312,106,206
060710097213,267,122,145
060710097221,397,125,272
060710097222,408,143,265
060710097231,415,112,303
060710097232,726,209,517
060710097233,891,298,593
060710097241,1084,339,745
060710097242,394,130,264
060710097251,974,293,681
060710097252,391,136,255
060710097253,468,165,303
060710097261,274,85,189
060710097262,578,182,396
060710097271,318,136,182
060710097272,323,140,183
060710098001,88,51,37
060710098002,44,23,21
060710098003,154,90,64
060710098004,133,77,56
060710099061,353,202,151
060710099062,259,140,119
060710099063,308,167,141
060710099081,405,200,205
060710099082,481,248,233
060710099101,388,201,187
060710099102,553,243,310
060710099111,399,179,220
060710099112,350,164,186
060710099113,506,236,270
060710099121,173,94,79
060710099122,229,109,120
060710099123,275,137,138
060710099131,199,110,89
060710099132,170,92,78
060710099133,133,68,65
060710099134,270,123,147
060710099141,156,99,57
060710099142,111,72,39
060710099151,143,89,54
060710099152,261,144,117
060710099161,141,76,65
060710099162,412,225,187
060710099163,269,146,123
060710099171,198,118,80
060710099172,261,156,105
060710099173,252,161,91
060710099181,110,65,45
060710099182,280,169,111
060710100091,371,118,253
060710100092,231,93,138
060710100093,365,168,197
060710100101,238,93,145
060710100102,241,88,153
060710100103,282,117,165
060710100104,379,155,224
060710100111,203,82,121
060710100112,207,85,122
060710100113,201,81,120
060710100121,235,87,148
060710100122,364,127,237
060710100123,483,162,321
060710100141,152,61,91
060710100142,204,104,100
060710100143,186,94,92
060710100151,412,173,239
060710100152,254,99,155
060710100153,252,96,156
060710100161,388,167,221
060710100162,215,113,102
060710100163,270,109,161
060710100191,359,116,243
060710100192,367,157,210
060710100193,276,64,212
060710100211,583,157,426
060710100212,484,167,317
060710100213,661,175,486
060710100221,607,205,402
060710100222,558,152,406
060710100231,681,196,485
060710100232,304,95,209
060710100233,388,103,285
060710100241,277,77,200
060710100242,482,141,341
060710100243,819,219,600
060710100271,432,120,312
060710100272,461,124,337
060710100273,354,105,249
060710100281,334,120,214
060710100282,451,176,275
060710100291,468,165,303
060710100292,297,107,190
060710100301,604,203,401
060710100311,362,178,184
060710100312,307,126,181
060710100321,472,158,314
060710100322,189,60,129
060710100323,290,135,155
060710100331,229,105,124
060710100341,653,154,499
060710100342,422,89,333
060710100343,407,88,319
060710100351,302,129,173
060710100352,225,97,128
060710100361,335,173,162
060710100362,429,213,216
060710100371,476,214,262
060710100372,439,181,258
060710100373,232,95,137
060710100381,392,216,176
060710100382,339,176,163
060710100391,904,275,629
060710100401,604,183,421
060710100411,297,94,203
060710100412,419,193,226
060710100413,363,116,247
060710100421,409,173,236
060710100422,399,182,217
060710103001,64,19,45
060710103002,262,65,197
060710103003,192,53,139
060710103004,214,58,156
060710104021,75,33,42
060710104101,517,210,307
060710104102,429,160,269
060710104131,381,176,205
060710104132,393,144,249
060710104133,569,261,308
060710104134,552,239,313
060710104151,253,102,151
060710104152,301,134,167
060710104153,294,132,162
060710104154,312,138,174
060710104171,637,295,342
060710104172,286,133,153
060710104173,271,129,142
060710104191,281,169,112
060710104192,295,160,135
060710104193,427,254,173
060710104194,286,167,119
060710104201,464,230,234
060710104202,393,188,205
060710104203,235,130,105
060710104221,117,40,77
060710104222,280,126,154
060710104241,105,31,74
060710104242,306,153,153
060710104243,206,86,120
060710104251,119,51,68
060710104252,126,60,66
060710104261,341,159,182
060710104262,153,62,91
060710104271,351,151,200
060710104272,435,153,282
060710104281,374,164,210
060710104282,414,147,267
060710104283,341,160,181
060710104291,422,144,278
060710104292,511,201,310
060710104293,252,114,138
060710104301,637,228,409
060710104302,648,222,426
060710104311,99,53,46
060710104312,208,90,118
060710104313,124,54,70
060710104321,496,247,249
060710104331,278,144,134
060710104332,82,35,47
060710104333,123,65,58
060710104341,283,131,152
060710104351,219,106,113
060710104352,263,118,145
060710104353,231,107,124
060710104361,186,80,106
060710104362,140,66,74
060710107001,216,80,136
060710107002,299,115,184
060710107003,278,104,174
060710108031,264,114,150
060710108032,294,111,183
060710108033,390,173,217
060710108034,310,123,187
060710108041,430,180,250
060710108042,340,151,189
060710108043,230,80,150
060710108051,468,173,295
060710108052,330,146,184
060710108061,320,125,195
060710108062,244,99,145
060710108063,285,107,178
060710109031,501,175,326
060710109032,283,97,186
060710109033,391,148,243
060710109041,281,102,179
060710109042,279,92,187
060710109043,394,132,262
060710109051,433,127,306
060710109052,213,71,142
060710109053,298,111,187
060710109061,201,60,141
060710109062,140,55,85
060710110021,312,153,159
060710110022,315,128,187
060710110031,169,71,98
060710110032,278,115,163
060710110041,267,95,172
060710111011,326,121,205
060710111012,380,132,248
060710111013,299,112,187
060710111014,330,113,217
060710111021,353,122,231
060710111022,274,121,153
060710111023,169,78,91
060710112031,389,125,264
060710112032,193,72,121
060710112041,134,57,77
060710112042,200,77,123
060710112043,241,102,139
060710112051,351,129,222
060710112061,194,80,114
060710112062,315,111,204
060710113001,208,99,109
060710113002,396,142,254
060710114041,370,126,244
060710114042,430,124,306
060710114043,224,75,149
060710114044,297,93,204
060710114051,135,48,87
060710114052,137,43,94
060710114053,243,90,153
060710114061,512,182,330
060710114062,264,90,174
060710114071,372,117,255
060710114072,252,114,138
060710114081,243,110,133
060710114082,348,143,205
060710115001,330,135,195
060710115002,428,184,244
060710116011,381,119,262
060710116012,462,143,319
060710116013,565,177,388
060710116014,521,162,359
060710116021,326,95,231
060710116022,45,13,32
060710117001,271,76,195
060710118011,288,118,170
060710118012,738,201,537
060710118021,275,107,168
060710118022,220,52,168
060710119001,77,19,58
060710119002,68,14,54
060710119003,201,61,140
060710119004,259,67,192
060710120011,465,188,277
060710120012,269,117,152
060710120013,333,137,196
060710120014,158,70,88
060710120021,5,2,3
060710120022,208,94,114
060710120023,130,59,71
060710120024,363,163,200
060710120025,188,81,107
060710121011,326,77,249
060710121012,131,61,70
060710121013,635,197,438
060710121014,745,228,517
060710121031,408,121,287
060710121032,481,137,344
060710121051,636,145,491
060710121052,405,88,317
060710121061,277,77,200
060710121062,127,31,96
060710122011,769,330,439
060710122012,832,357,475
060710122021,76,32,44
060710123001,26,12,14
060710124001,108,62,46
060710124002,98,65,33
060710124003,109,71,38
060710125001,129,92,37
060710125002,153,111,42
060710125003,107,78,29
060710125004,150,94,56
060710127001,485,285,200
060710127002,599,328,271
060710250001,119,53,66
060710251001,235,91,144
060710251002,186,64,122
060719401001,231,70,161
060719802001,0,0,0
060730001001,704,509,195
060730001002,1046,718,328
060730002011,503,377,126
060730002012,632,488,144
060730002021,606,444,162
060730002022,412,278,134
060730002023,655,516,139
060730002024,464,354,110
060730003011,287,229,58
060730003012,260,225,35
060730003013,501,423,78
060730003021,1001,870,131
060730003022,476,410,66
060730004001,395,346,49
060730004002,434,363,71
060730004003,348,299,49
060730004004,420,371,49
060730005001,462,385,77
060730005002,637,528,109
060730005003,385,332,53
060730006001,352,300,52
060730006002,458,389,69
060730006003,739,637,102
060730007001,663,582,81
060730007002,823,726,97
060730007003,505,433,72
060730008001,246,210,36
060730008002,298,254,44
060730008003,587,504,83
060730008004,448,380,68
060730008005,350,297,53
060730009011,493,430,63
060730009012,302,258,44
060730009013,280,238,42
060730009021,358,298,60
060730009022,290,240,50
060730009023,280,243,37
060730010001,591,498,93
060730010002,526,461,65
060730010003,490,428,62
060730010004,459,402,57
060730011001,496,405,91
060730011002,460,394,66
060730011003,333,283,50
060730012011,436,376,60
060730012012,376,323,53
060730012021,507,429,78
060730012022,607,517,90
060730013011,365,313,52
060730013012,582,489,93
060730013021,408,348,60
060730013022,424,367,57
060730013023,366,312,54
060730014001,290,241,49
060730014002,381,313,68
060730014003,825,691,134
060730015001,450,381,69
060730015002,468,380,88
060730015003,412,335,77
060730015004,320,277,43
060730016001,279,224,55
060730016002,304,251,53
060730016003,216,181,35
060730016004,386,324,62
060730017001,436,368,68
060730017002,378,316,62
060730017003,419,353,66
060730017004,195,167,28
060730018011,210,174,36
060730018012,367,302,65
060730018021,164,137,27
060730018022,269,221,48
060730018023,276,225,51
060730018024,261,214,47
060730019001,507,417,90
060730019002,771,634,137
060730019003,409,338,71
060730020011,679,514,165
060730020012,1001,757,244
060730020013,484,388,96
060730020021,500,366,134
060730020022,671,505,166
060730021001,539,427,112
060730021002,307,245,62
060730021003,222,178,44
060730021004,378,318,60
060730021005,387,324,63
060730022011,213,170,43
060730022012,200,157,43
060730022021,192,135,57
060730022022,232,166,66
060730022023,138,95,43
060730023011,225,174,51
060730023012,236,183,53
060730023013,144,112,32
060730023021,291,207,84
060730023022,171,121,50
060730023023,174,126,48
060730024011,143,111,32
060730024012,325,253,72
060730024013,327,261,66
060730024021,264,185,79
060730024022,120,89,31
060730024023,119,88,31
060730025011,376,289,87
060730025012,260,202,58
060730025013,196,142,54
060730025021,808,585,223
060730025022,212,166,46
060730025023,138,108,30
060730025024,310,243,67
060730026011,214,156,58
060730026012,215,156,59
060730026013,56,41,15
060730026014,182,134,48
060730026021,144,102,42
060730026022,162,114,48
060730026023,188,133,55
060730027021,370,290,80
060730027022,382,285,97
060730027023,439,346,93
060730027031,476,337,139
060730027032,319,223,96
060730027033,261,183,78
060730027034,508,325,183
060730027051,575,398,177
060730027052,529,329,200
060730027071,133,94,39
060730027072,104,75,29
060730027073,77,55,22
060730027074,87,62,25
060730027081,188,141,47
060730027082,55,39,16
060730027083,158,115,43
060730027084,120,86,34
060730027091,138,106,32
060730027092,326,248,78
060730027101,195,144,51
060730027102,138,102,36
060730027103,163,123,40
060730027111,183,131,52
060730027112,312,196,116
060730027121,326,235,91
060730027122,352,248,104
060730027123,291,206,85
060730028011,613,430,183
060730028012,167,146,21
060730028031,402,284,118
060730028032,523,382,141
060730028033,337,240,97
060730028034,612,441,171
060730028041,343,246,97
060730028042,604,422,182
060730028043,408,299,109
060730029021,1021,733,288
060730029022,351,263,88
060730029023,508,368,140
060730029031,480,336,144
060730029032,402,284,118
060730029033,367,252,115
060730029041,171,128,43
060730029042,209,158,51
060730029043,233,156,77
060730029044,237,178,59
060730029045,431,323,108
060730029051,355,248,107
060730029052,243,169,74
060730029053,560,401,159
060730030011,315,256,59
060730030012,388,308,80
060730030013,330,262,68
060730030031,479,321,158
060730030032,330,215,115
060730030033,270,183,87
060730030034,274,197,77
060730030041,414,308,106
060730030042,293,218,75
060730031011,258,222,36
060730031012,338,287,51
060730031013,319,257,62
060730031031,496,381,115
060730031032,541,422,119
060730031033,307,243,64
060730031051,527,358,169
060730031052,304,190,114
060730031071,665,376,289
060730031072,411,276,135
060730031073,259,154,105
060730031081,418,213,205
060730031082,281,148,133
060730031091,256,135,121
060730031092,265,142,123
060730031093,246,134,112
060730031111,166,121,45
060730031112,249,197,52
060730031113,489,338,151
060730031121,332,233,99
060730031122,314,221,93
060730031123,244,191,53
060730031131,699,467,232
060730031132,571,344,227
060730031141,314,174,140
060730031142,496,303,193
060730031151,266,166,100
060730031152,280,175,105
060730031153,339,178,161
060730031154,504,283,221
060730032011,244,144,100
060730032012,327,190,137
060730032013,53,30,23
060730032014,58,33,25
060730032021,354,207,147
060730032022,578,332,246
060730032041,677,365,312
060730032042,447,269,178
060730032071,570,300,270
060730032072,785,389,396
060730032073,703,349,354
060730032081,206,129,77
060730032082,169,106,63
060730032083,296,190,106
060730032084,255,163,92
060730032085,537,331,206
060730032091,411,294,117
060730032092,344,238,106
060730032093,269,191,78
060730032111,551,314,237
060730032112,260,147,113
060730032121,380,223,157
060730032122,733,423,310
060730032131,526,290,236
060730032132,571,311,260
060730032141,501,323,178
060730032142,292,171,121
060730032143,321,223,98
060730033011,215,179,36
060730033012,214,176,38
060730033031,102,80,22
060730033032,258,200,58
060730033041,136,105,31
060730033042,165,127,38
060730033051,154,115,39
060730033052,276,238,38
060730033053,397,332,65
060730034011,455,317,138
060730034012,162,114,48
060730034013,173,140,33
060730034014,670,498,172
060730034031,156,108,48
060730034032,209,154,55
060730034033,125,87,38
060730034041,203,166,37
060730034042,127,103,24
060730034043,158,128,30
060730035011,196,151,45
060730035012,81,64,17
060730035013,90,69,21
060730035021,105,83,22
060730035022,207,167,40
060730035023,199,157,42
060730036011,155,121,34
060730036012,123,96,27
060730036021,186,136,50
060730036022,193,143,50
060730036031,170,134,36
060730036032,143,105,38
060730036033,98,70,28
060730038001,31,21,10
060730039011,119,97,22
060730039012,134,106,28
060730039013,153,119,34
060730039021,105,82,23
060730039022,132,101,31
060730039023,114,84,30
060730039024,93,72,21
060730040001,147,124,23
060730040002,74,62,12
060730040003,106,88,18
060730040004,135,111,24
060730041011,248,211,37
060730041012,392,323,69
060730041013,407,330,77
060730041021,413,334,79
060730042001,997,791,206
060730042002,961,786,175
060730042003,408,336,72
060730042004,407,325,82
060730043001,282,237,45
060730043002,906,757,149
060730043003,549,450,99
060730044001,445,360,85
060730044002,512,443,69
060730044003,347,297,50
060730044004,343,278,65
060730045011,396,331,65
060730045012,187,157,30
060730045013,168,136,32
060730046001,449,364,85
060730046002,144,119,25
060730047001,109,91,18
060730047002,188,158,30
060730048001,125,100,25
060730048002,173,139,34
060730048003,126,104,22
060730049001,127,96,31
060730049002,168,132,36
060730049003,313,241,72
060730050001,219,169,50
060730051011,299,207,92
060730051012,185,128,57
060730051021,253,185,68
060730051022,374,270,104
060730051023,559,383,176
060730051031,88,71,17
060730051032,202,148,54
060730052011,372,293,79
060730052012,268,211,57
060730052021,313,228,85
060730052022,367,271,96
060730052023,386,284,102
060730053011,542,399,143
060730053012,156,116,40
060730053013,185,134,51
060730053021,259,172,87
060730053022,478,317,161
060730054011,405,269,136
060730054012,179,116,63
060730054021,655,434,221
060730054022,740,482,258
060730054023,561,374,187
060730054031,529,369,160
060730054032,616,426,190
060730055001,21,18,3
060730056011,446,306,140
060730056012,474,329,145
060730056021,412,310,102
060730056022,409,307,102
060730057001,238,188,50
060730057002,203,161,42
060730058011,287,207,80
060730058012,314,227,87
060730058021,469,317,152
060730058022,400,268,132
060730059001,426,331,95
060730059002,352,263,89
060730059003,290,216,74
060730060001,573,462,111
060730060002,645,507,138
060730060003,1038,779,259
060730061001,740,490,250
060730061002,240,153,87
060730062001,3,2,1
060730063001,6,4,2
060730065001,434,273,161
060730065002,320,208,112
060730065003,274,201,73
060730066001,98,63,35
060730066002,52,33,19
060730068011,543,380,163
060730068012,308,225,83
060730068021,451,291,160
060730068022,447,300,147
060730068023,565,392,173
060730069001,1177,710,467
060730069002,495,306,189
060730069003,886,537,349
060730070021,842,446,396
060730070022,918,469,449
060730071001,1082,571,511
060730071002,1437,751,686
060730071003,364,191,173
060730072001,729,380,349
060730072002,1146,682,464
060730072003,498,269,229
060730073021,428,291,137
060730073022,406,265,141
060730073023,384,250,134
060730073031,421,309,112
060730073032,332,245,87
060730073041,670,484,186
060730073042,632,458,174
060730074011,245,168,77
060730074012,342,235,107
060730074013,576,376,200
060730074021,621,423,198
060730074022,571,392,179
060730074023,433,292,141
060730075011,344,261,83
060730075012,254,192,62
060730075013,310,223,87
060730075014,305,216,89
060730075015,164,117,47
060730075021,475,341,134
060730075022,324,242,82
060730075023,395,294,101
060730076011,122,81,41
060730076012,293,165,128
060730076013,144,79,65
060730076014,163,92,71
060730076021,173,97,76
060730076022,226,129,97
060730076023,253,145,108
060730077011,524,323,201
060730077012,420,243,177
060730077013,254,164,90
060730077014,193,126,67
060730077021,417,227,190
060730077022,420,275,145
060730077023,412,287,125
060730077024,212,137,75
060730078001,370,244,126
060730078002,345,221,124
060730078003,321,204,117
060730078004,166,108,58
060730078005,159,99,60
060730079051,376,246,130
060730079052,518,321,197
060730079071,537,364,173
060730079072,421,295,126
060730079081,190,128,62
060730079082,341,231,110
060730079083,353,239,114
060730079101,542,354,188
060730079102,452,296,156
060730079111,352,237,115
060730079112,400,273,127
060730079113,136,93,43
060730079121,323,219,104
060730079122,295,202,93
060730080021,432,247,185
060730080022,540,321,219
060730080023,336,213,123
060730080031,499,325,174
060730080032,576,373,203
060730080033,372,242,130
060730080061,418,271,147
060730080062,355,231,124
060730080063,259,170,89
060730080064,293,192,101
060730080065,388,254,134
060730081011,262,176,86
060730081012,391,262,129
060730081013,379,252,127
060730081014,378,252,126
060730081015,411,275,136
060730081021,491,275,216
060730081022,585,360,225
060730081023,729,436,293
060730082011,478,311,167
060730082012,458,288,170
060730082021,304,200,104
060730082022,376,249,127
060730083011,755,463,292
060730083012,550,315,235
060730083013,421,253,168
060730083031,725,433,292
060730083032,806,472,334
060730083033,344,202,142
060730083051,386,362,24
060730083052,783,699,84
060730083061,372,241,131
060730083062,570,353,217
060730083063,839,528,311
060730083071,482,312,170
060730083072,1094,724,370
060730083073,480,298,182
060730083101,622,355,267
060730083102,916,502,414
060730083103,1427,778,649
060730083111,903,489,414
060730083112,645,361,284
060730083121,266,181,85
060730083122,547,329,218
060730083123,407,246,161
060730083124,560,326,234
060730083131,546,363,183
060730083132,566,362,204
060730083241,1344,902,442
060730083242,373,241,132
060730083243,777,534,243
060730083244,527,364,163
060730083245,834,574,260
060730083271,918,565,353
060730083272,1151,713,438
060730083273,572,348,224
060730083281,893,483,410
060730083282,2421,1322,1099
060730083301,1001,607,394
060730083302,547,352,195
060730083303,699,445,254
060730083311,1189,755,434
060730083361,413,230,183
060730083362,733,434,299
060730083371,798,456,342
060730083372,409,228,181
060730083373,695,395,300
060730083391,391,306,85
060730083431,557,412,145
060730083432,294,217,77
060730083433,158,114,44
060730083441,896,616,280
060730083442,811,557,254
060730083451,531,336,195
060730083452,701,443,258
060730083453,600,372,228
060730083461,615,336,279
060730083462,149,102,47
060730083463,1163,729,434
060730083471,564,309,255
060730083472,449,262,187
060730083473,281,155,126
060730083474,316,199,117
060730083475,772,494,278
060730083481,835,497,338
060730083482,341,201,140
060730083483,563,344,219
060730083491,429,253,176
060730083492,644,379,265
060730083501,789,442,347
060730083502,472,308,164
060730083503,350,187,163
060730083504,459,288,171
060730083511,253,152,101
060730083512,267,160,107
060730083513,266,152,114
060730083514,459,257,202
060730083521,343,192,151
060730083522,355,206,149
060730083523,241,140,101
060730083531,417,246,171
060730083532,1023,606,417
060730083533,315,180,135
060730083551,284,178,106
060730083552,633,387,246
060730083561,489,324,165
060730083562,530,332,198
060730083571,404,234,170
060730083572,294,165,129
060730083573,435,261,174
060730083581,576,315,261
060730083582,248,148,100
060730083583,647,380,267
060730083584,535,315,220
060730083591,381,256,125
060730083592,343,232,111
060730083601,541,363,178
060730083602,272,174,98
060730083603,765,455,310
060730083611,548,403,145
060730083612,199,146,53
060730083621,447,323,124
060730083622,254,184,70
060730083623,471,341,130
060730083631,72,58,14
060730083632,147,119,28
060730083633,202,157,45
060730083634,187,145,42
060730083641,432,302,130
060730083642,399,305,94
060730083643,336,254,82
060730083644,194,135,59
060730083651,720,421,299
060730083652,643,405,238
060730083661,1146,636,510
060730083662,1135,608,527
060730083663,622,389,233
060730083671,398,228,170
060730083672,614,308,306
060730083681,505,263,242
060730083682,407,222,185
060730083683,815,436,379
060730083684,1087,585,502
060730083691,664,429,235
060730083692,441,291,150
060730083701,758,491,267
060730083702,606,401,205
060730083711,810,538,272
060730083712,547,369,178
060730083721,501,343,158
060730083722,1156,682,474
060730083731,345,206,139
060730083732,1000,560,440
060730083741,770,464,306
060730083742,705,432,273
060730083751,190,139,51
060730083752,446,327,119
060730083753,348,255,93
060730083761,199,136,63
060730083762,267,195,72
060730083763,416,284,132
060730083764,298,218,80
060730083771,322,258,64
060730083772,289,231,58
060730083781,177,139,38
060730083782,1,1,0
060730083791,150,112,38
060730083792,184,137,47
060730083793,458,343,115
060730083801,651,437,214
060730083802,637,389,248
060730083803,336,243,93
060730083811,462,282,180
060730083812,278,170,108
060730085011,650,382,268
060730085012,890,521,369
060730085013,541,309,232
060730085014,395,245,150
060730085021,676,420,256
060730085022,302,179,123
060730085023,454,279,175
060730085024,656,389,267
060730085025,467,282,185
060730085031,832,487,345
060730085032,399,249,150
060730085033,1042,621,421
060730085034,638,383,255
060730085041,281,168,113
060730085042,301,186,115
060730085043,514,315,199
060730085044,412,228,184
060730085045,1119,646,473
060730085051,516,305,211
060730085052,351,201,150
060730085053,284,167,117
060730085054,530,311,219
060730085055,379,217,162
060730085061,388,244,144
060730085062,496,302,194
060730085063,566,356,210
060730085071,631,362,269
060730085072,255,149,106
060730085073,438,253,185
060730085074,307,215,92
060730085075,463,261,202
060730085076,345,208,137
060730085091,482,291,191
060730085092,473,293,180
060730085093,321,203,118
060730085094,232,141,91
060730085095,475,321,154
060730085096,500,308,192
060730085101,353,228,125
060730085102,872,531,341
060730085103,597,377,220
060730085104,455,291,164
060730085111,651,482,169
060730085112,443,238,205
060730085113,288,215,73
060730085121,328,195,133
060730085122,693,389,304
060730085123,1136,647,489
060730085131,825,487,338
060730085132,514,300,214
060730086001,870,541,329
060730086002,252,176,76
060730086003,170,117,53
060730086004,160,102,58
060730087011,252,161,91
060730087012,188,118,70
060730087021,336,226,110
060730087022,698,420,278
060730087023,221,150,71
060730088001,374,229,145
060730088002,199,127,72
060730088003,449,282,167
060730088004,257,162,95
060730089011,307,194,113
060730089012,309,195,114
060730089013,1029,667,362
060730089021,584,397,187
060730089022,487,336,151
060730090001,644,420,224
060730090002,243,168,75
060730091011,422,256,166
060730091012,1004,603,401
060730091013,437,271,166
060730091014,779,442,337
060730091021,443,299,144
060730091022,327,207,120
060730091023,266,169,97
060730091031,382,239,143
060730091032,383,239,144
060730091033,689,410,279
060730091034,551,315,236
060730091041,616,341,275
060730091042,882,501,381
060730091071,273,192,81
060730091072,316,211,105
060730091073,440,303,137
060730091074,376,248,128
060730091081,529,295,234
060730091082,366,243,123
060730091091,80,56,24
060730092011,364,245,119
060730092012,72,48,24
060730092013,509,313,196
060730092014,95,65,30
060730092031,891,636,255
060730092032,855,544,311
060730092041,493,291,202
060730092042,782,490,292
060730093011,295,171,124
060730093012,554,325,229
060730093013,343,199,144
060730093014,280,167,113
060730093051,428,249,179
060730093052,267,154,113
060730093053,468,319,149
060730093054,237,164,73
060730093055,288,169,119
060730093061,1027,626,401
060730093062,251,148,103
060730093063,342,207,135
060730093064,342,217,125
060730093071,425,311,114
060730093072,324,235,89
060730093073,318,230,88
060730093074,175,129,46
060730093081,337,251,86
060730093082,333,247,86
060730093083,458,295,163
060730094001,46,20,26
060730095021,935,535,400
060730095022,731,452,279
060730095041,696,388,308
060730095042,633,308,325
060730095043,1621,887,734
060730095044,463,231,232
060730095051,671,387,284
060730095052,734,426,308
060730095053,957,579,378
060730095054,569,347,222
060730095061,1196,724,472
060730095062,848,555,293
060730095071,1084,652,432
060730095072,91,56,35
060730095073,369,230,139
060730095091,696,379,317
060730095092,421,289,132
060730095093,396,248,148
060730095101,71,39,32
060730095102,77,43,34
060730095103,35,19,16
060730095111,45,25,20
060730095112,63,35,28
060730096021,620,376,244
060730096022,367,224,143
060730096023,440,264,176
060730096024,306,177,129
060730096031,420,282,138
060730096032,312,210,102
060730096033,333,225,108
060730096034,509,355,154
060730096041,337,198,139
060730096042,378,237,141
060730096043,348,213,135
060730096044,388,257,131
060730097031,601,352,249
060730097032,392,230,162
060730097033,730,424,306
060730097041,637,395,242
060730097042,349,212,137
060730097043,825,500,325
060730097044,434,261,173
060730097045,701,414,287
060730097051,451,273,178
060730097052,814,497,317
060730097053,527,331,196
060730097061,689,385,304
060730097062,532,315,217
060730097063,758,432,326
060730097064,362,205,157
060730097065,613,352,261
060730097066,495,286,209
060730097067,460,262,198
060730098011,479,260,219
060730098012,806,472,334
060730098013,674,379,295
060730098014,465,265,200
060730098021,570,313,257
060730098022,354,222,132
060730098023,434,266,168
060730098024,807,440,367
060730098025,273,158,115
060730098041,872,516,356
060730098042,426,246,180
060730098043,426,246,180
060730098044,733,428,305
060730098051,621,358,263
060730098052,377,212,165
060730098053,583,336,247
060730098054,795,481,314
060730099011,8,5,3
060730099021,151,88,63
060730100011,297,180,117
060730100012,573,328,245
060730100031,403,242,161
060730100032,335,200,135
060730100033,303,206,97
060730100034,366,207,159
060730100041,447,309,138
060730100042,531,364,167
060730100051,456,297,159
060730100052,246,170,76
060730100053,327,255,72
060730100054,141,112,29
060730100091,217,157,60
060730100092,422,286,136
060730100093,148,111,37
060730100094,84,65,19
060730100101,327,220,107
060730100102,438,283,155
060730100103,373,262,111
060730100111,346,217,129
060730100112,425,266,159
060730100121,285,217,68
060730100122,91,72,19
060730100123,173,136,37
060730100131,207,158,49
060730100132,72,55,17
060730100133,153,112,41
060730100134,151,111,40
060730100151,361,234,127
060730100152,298,209,89
060730100161,1,0,1
060730100171,751,438,313
060730100172,584,387,197
060730100181,382,237,145
060730100182,199,115,84
060730100183,544,330,214
060730100191,210,138,72
060730100192,503,252,251
060730101031,303,201,102
060730101032,367,206,161
060730101033,351,199,152
060730101041,380,171,209
060730101042,498,260,238
060730101061,395,278,117
060730101062,260,209,51
060730101063,226,158,68
060730101071,437,296,141
060730101072,203,132,71
060730101073,317,227,90
060730101074,260,163,97
060730101091,432,256,176
060730101092,492,312,180
060730101101,334,218,116
060730101102,430,233,197
060730101103,327,173,154
060730101104,203,123,80
060730101105,219,128,91
060730101111,219,153,66
060730101112,227,167,60
060730101121,264,178,86
060730101122,145,106,39
060730101123,106,77,29
060730102011,373,189,184
060730102012,362,173,189
060730102013,198,105,93
060730102021,304,161,143
060730102022,337,176,161
060730102023,346,177,169
060730103001,342,155,187
060730103002,438,202,236
060730103003,296,156,140
060730103004,260,129,131
060730104011,348,220,128
060730104021,406,238,168
060730104022,186,92,94
060730104023,345,189,156
060730105011,485,254,231
060730105021,262,139,123
060730105022,195,110,85
060730105023,272,143,129
060730105024,287,146,141
060730106011,360,155,205
060730106012,660,297,363
060730108001,555,266,289
060730108002,576,275,301
060730109001,387,185,202
060730109002,474,231,243
060730110001,566,270,296
060730110002,632,302,330
060730111001,856,418,438
060730111002,585,281,304
060730111003,355,169,186
060730113001,52,25,27
060730116011,203,151,52
060730116012,224,164,60
060730116013,372,272,100
060730116021,285,210,75
060730116022,175,127,48
060730117001,448,303,145
060730117002,254,172,82
060730117003,283,204,79
060730117004,195,141,54
060730118011,290,201,89
060730118012,155,105,50
060730118013,160,108,52
060730118021,265,183,82
060730118022,286,200,86
060730118023,87,54,33
060730118024,110,67,43
060730119021,339,209,130
060730119022,558,360,198
060730119023,239,159,80
060730119024,302,201,101
060730120021,179,127,52
060730120022,452,307,145
060730120031,254,157,97
060730120032,442,282,160
060730121011,416,260,156
060730121021,276,176,100
060730121022,321,209,112
060730122001,154,99,55
060730122002,458,293,165
060730123021,440,298,142
060730123031,651,413,238
060730123032,441,288,153
060730123041,248,139,109
060730123042,945,523,422
060730124011,322,203,119
060730124012,352,223,129
060730124021,290,186,104
060730124022,325,208,117
060730124023,340,219,121
060730125011,339,234,105
060730125012,243,182,61
060730125021,228,151,77
060730125022,149,113,36
060730125023,207,140,67
060730126001,245,168,77
060730126002,233,168,65
060730126003,255,176,79
060730126004,219,151,68
060730127001,367,240,127
060730127002,276,184,92
060730127003,196,131,65
060730128001,340,195,145
060730128002,354,203,151
060730128003,433,267,166
060730129001,449,263,186
060730129002,316,174,142
060730129003,465,266,199
060730130001,375,228,147
060730130002,345,201,144
060730130003,364,222,142
060730130004,270,157,113
060730131021,310,190,120
060730131022,295,171,124
060730131023,304,189,115
060730131024,258,155,103
060730131031,173,117,56
060730131032,232,158,74
060730131041,204,143,61
060730131042,214,128,86
060730131043,231,144,87
060730131044,161,101,60
060730132031,205,139,66
060730132032,136,102,34
060730132033,213,160,53
060730132034,167,127,40
060730132035,171,130,41
060730132041,221,148,73
060730132042,190,124,66
060730132043,257,168,89
060730132051,306,216,90
060730132061,263,169,94
060730132062,275,183,92
060730132063,614,392,222
060730133011,822,467,355
060730133012,601,336,265
060730133021,617,351,266
060730133022,657,383,274
060730133031,588,385,203
060730133032,303,187,116
060730133033,275,176,99
060730133061,557,348,209
060730133062,543,328,215
060730133071,331,212,119
060730133072,450,287,163
060730133081,469,340,129
060730133082,280,183,97
060730133091,407,226,181
060730133092,356,192,164
060730133093,312,182,130
060730133094,502,270,232
060730133095,491,268,223
060730133121,455,247,208
060730133122,218,118,100
060730133151,797,460,337
060730133152,397,228,169
060730133161,387,242,145
060730133162,612,334,278
060730133163,756,414,342
060730133164,128,81,47
060730133171,1043,627,416
060730133172,1060,619,441
060730133173,1575,932,643
060730133181,495,281,214
060730133182,521,322,199
060730133183,394,259,135
060730133184,172,111,61
060730133191,683,379,304
060730133192,1309,829,480
060730133201,463,285,178
060730133202,901,515,386
060730133203,127,89,38
060730133211,345,235,110
060730133212,647,411,236
060730133213,318,165,153
060730133214,693,360,333
060730133221,629,365,264
060730133222,443,248,195
060730133223,415,220,195
060730133231,565,352,213
060730133232,435,259,176
060730133233,636,345,291
060730133241,493,314,179
060730133251,403,249,154
060730133252,255,181,74
060730133253,402,249,153
060730133261,669,372,297
060730133262,577,285,292
060730133271,701,417,284
060730133272,285,172,113
060730133273,273,172,101
060730134011,955,528,427
060730134012,757,424,333
060730134091,372,205,167
060730134092,651,362,289
060730134093,595,342,253
060730134111,885,478,407
060730134112,490,253,237
060730134113,386,196,190
060730134114,488,267,221
060730134121,823,432,391
060730134122,300,143,157
060730134123,708,392,316
060730134141,541,316,225
060730134142,702,419,283
060730134143,456,248,208
060730134144,831,487,344
060730134151,589,364,225
060730134161,715,348,367
060730134162,638,315,323
060730134171,779,417,362
060730134181,315,191,124
060730134182,717,443,274
060730134183,432,231,201
060730134184,425,222,203
060730134201,216,139,77
060730134202,690,412,278
060730134211,346,188,158
060730134212,851,501,350
060730134213,337,218,119
060730134221,523,278,245
060730134222,467,239,228
060730134223,630,308,322
060730134231,720,403,317
060730134232,471,258,213
060730134241,663,398,265
060730134242,305,187,118
060730134243,740,432,308
060730134251,771,394,377
060730135031,468,215,253
060730135032,491,246,245
060730135033,731,351,380
060730135041,275,137,138
060730135042,330,153,177
060730135043,714,340,374
060730135051,923,461,462
060730135052,395,196,199
060730135053,281,150,131
060730135061,205,94,111
060730135062,294,133,161
060730135063,584,289,295
060730136011,453,229,224
060730136012,748,382,366
060730136013,679,354,325
060730136014,150,83,67
060730136041,347,122,225
060730136042,343,115,228
060730136043,861,313,548
060730136044,416,170,246
060730136051,1220,508,712
060730136052,834,374,460
060730136053,785,380,405
060730136071,250,125,125
060730136072,564,293,271
060730136081,774,338,436
060730136082,356,167,189
060730137011,804,418,386
060730137012,408,210,198
060730137021,668,325,343
060730137022,183,101,82
060730137023,330,160,170
060730138011,644,356,288
060730138012,427,227,200
060730138013,464,251,213
060730138021,338,201,137
060730138022,225,129,96
060730139031,439,229,210
060730139032,705,356,349
060730139051,578,324,254
060730139052,353,204,149
060730139053,286,162,124
060730139061,207,116,91
060730139062,491,240,251
060730139063,471,262,209
060730139071,199,137,62
060730139072,350,220,130
060730139081,212,125,87
060730139082,445,263,182
060730139091,398,243,155
060730139092,570,320,250
060730140011,247,152,95
060730140012,251,138,113
060730140013,509,305,204
060730140014,357,220,137
060730140021,474,266,208
060730140022,670,382,288
060730141011,566,328,238
060730141012,502,297,205
060730141021,723,510,213
060730141022,227,157,70
060730142001,638,400,238
060730142002,304,176,128
060730142003,611,351,260
060730142004,329,191,138
060730143001,627,369,258
060730143002,299,168,131
060730144001,410,262,148
060730144002,327,202,125
060730145001,428,256,172
060730145002,397,234,163
060730145003,313,184,129
060730146011,670,425,245
060730146012,208,131,77
060730146013,746,487,259
060730146021,775,475,300
060730146022,369,232,137
060730146023,654,406,248
060730147011,516,333,183
060730147012,334,223,111
060730147013,636,362,274
060730147021,640,407,233
060730147022,996,603,393
060730148031,650,357,293
060730148032,625,377,248
060730148033,274,156,118
060730148041,468,273,195
060730148042,465,289,176
060730148043,622,375,247
060730148044,319,187,132
060730148051,357,229,128
060730148052,622,412,210
060730148053,684,412,272
060730148061,278,166,112
060730148062,314,187,127
060730149011,360,229,131
060730149012,668,398,270
060730149013,685,417,268
060730149021,268,156,112
060730149022,568,350,218
060730149023,493,289,204
060730150011,673,367,306
060730150012,533,305,228
060730150013,407,214,193
060730150021,420,251,169
060730150022,216,129,87
060730151001,527,273,254
060730151002,738,402,336
060730151003,346,196,150
060730151004,410,217,193
060730152001,726,380,346
060730152002,557,292,265
060730152003,479,247,232
060730152004,457,234,223
060730153011,305,144,161
060730153012,292,138,154
060730153021,717,342,375
060730153022,584,254,330
060730153023,385,169,216
060730154031,600,264,336
060730154032,621,277,344
060730154051,689,231,458
060730154052,812,273,539
060730154053,867,286,581
060730154061,1256,404,852
060730154071,440,178,262
060730154072,159,65,94
060730154081,640,241,399
060730154082,634,250,384
060730155011,474,142,332
060730155012,635,193,442
060730155013,578,151,427
060730155014,466,124,342
060730155021,548,136,412
060730155022,774,179,595
060730156011,489,187,302
060730156012,651,210,441
060730156013,231,106,125
060730156021,726,190,536
060730156022,463,141,322
060730157011,171,91,80
060730157012,200,106,94
060730157013,156,84,72
060730157014,146,78,68
060730157041,338,155,183
060730157042,342,172,170
060730157051,255,124,131
060730157052,237,136,101
060730157061,259,133,126
060730158011,242,125,117
060730158012,191,112,79
060730158021,121,59,62
060730158022,145,71,74
060730158023,174,85,89
060730158024,170,84,86
060730159011,137,78,59
060730159012,138,78,60
060730159021,201,87,114
060730159022,227,103,124
060730159023,241,104,137
060730159024,264,137,127
060730160001,97,53,44
060730160002,752,349,403
060730161001,1001,464,537
060730161002,807,408,399
060730161003,635,287,348
060730162011,717,302,415
060730162012,932,418,514
060730162013,1129,467,662
060730162021,258,108,150
060730162022,338,192,146
060730163011,383,160,223
060730163012,180,98,82
060730163013,208,106,102
060730163021,223,105,118
060730163022,326,174,152
060730163023,227,107,120
060730164011,319,114,205
060730164012,462,196,266
060730164013,827,284,543
060730164031,1049,274,775
060730164032,290,103,187
060730164033,214,85,129
060730164041,234,93,141
060730164042,323,142,181
060730165021,374,135,239
060730165022,355,170,185
060730165023,325,151,174
060730165024,428,176,252
060730165031,414,160,254
060730165032,386,142,244
060730165041,376,206,170
060730165042,143,66,77
060730165043,115,59,56
060730165044,42,20,22
060730165045,281,131,150
060730166061,658,257,401
060730166062,687,291,396
060730166071,720,224,496
060730166072,787,311,476
060730166073,696,226,470
060730166074,576,239,337
060730166081,1086,346,740
060730166091,928,272,656
060730166092,483,140,343
060730166093,671,252,419
060730166101,727,279,448
060730166102,803,287,516
060730166131,316,127,189
060730166132,542,224,318
060730166141,654,277,377
060730166142,814,318,496
060730166151,458,216,242
060730166152,513,229,284
060730166161,420,184,236
060730166162,966,356,610
060730166171,422,176,246
060730166172,545,250,295
060730166173,174,73,101
060730166181,908,464,444
060730166182,644,281,363
060730166191,557,234,323
060730166192,865,376,489
060730166193,312,131,181
060730166201,1064,406,658
060730166211,1126,421,705
060730166212,766,301,465
060730167031,623,226,397
060730167032,199,72,127
060730167041,1030,395,635
060730167042,771,317,454
060730167043,678,240,438
060730167051,570,176,394
060730167052,188,71,117
060730167053,383,131,252
060730167061,328,109,219
060730167062,633,215,418
060730168041,650,155,495
060730168042,423,157,266
060730168043,403,141,262
060730168044,388,127,261
060730168061,507,165,342
060730168062,246,79,167
060730168063,347,149,198
060730168071,330,98,232
060730168072,983,286,697
060730168073,1014,321,693
060730168074,601,210,391
060730168091,480,155,325
060730168092,695,168,527
060730168093,712,224,488
060730168101,1184,345,839
060730168111,711,228,483
060730168112,686,186,500
060730168113,594,154,440
060730168121,1226,318,908
060730168122,510,143,367
060730168131,718,181,537
060730168132,1014,266,748
060730169011,838,231,607
060730169012,588,176,412
060730169013,672,193,479
060730169014,249,83,166
060730169015,583,201,382
060730169021,951,283,668
060730170061,805,359,446
060730170062,391,199,192
060730170063,491,239,252
060730170091,1010,428,582
060730170092,626,279,347
060730170101,564,248,316
060730170102,775,343,432
060730170141,718,385,333
060730170142,894,472,422
060730170181,629,403,226
060730170182,632,386,246
060730170201,591,266,325
060730170202,890,445,445
060730170203,601,239,362
060730170211,936,387,549
060730170212,841,323,518
060730170221,427,259,168
060730170222,434,254,180
060730170223,365,216,149
060730170224,502,325,177
060730170225,409,263,146
060730170226,509,308,201
060730170311,550,300,250
060730170312,307,169,138
060730170313,642,375,267
060730170331,504,300,204
060730170332,314,187,127
060730170333,1355,801,554
060730170341,868,517,351
060730170342,407,232,175
060730170343,576,332,244
060730170351,403,213,190
060730170352,277,168,109
060730170353,227,148,79
060730170361,366,241,125
060730170362,281,185,96
060730170363,505,279,226
060730170371,803,472,331
060730170372,409,242,167
060730170373,719,400,319
060730170374,444,239,205
060730170391,317,154,163
060730170392,447,218,229
060730170393,652,367,285
060730170394,485,278,207
060730170395,749,421,328
060730170401,765,357,408
060730170402,647,299,348
060730170403,387,188,199
060730170411,857,420,437
060730170412,718,370,348
060730170413,373,182,191
060730170414,519,247,272
060730170431,817,462,355
060730170432,362,253,109
060730170433,876,510,366
060730170441,627,350,277
060730170442,422,229,193
060730170443,561,317,244
060730170444,507,284,223
060730170451,1222,689,533
060730170461,1256,728,528
060730170462,545,300,245
060730170471,767,441,326
060730170472,635,340,295
060730170473,687,386,301
060730170481,356,179,177
060730170482,373,186,187
060730170483,681,343,338
060730170484,345,179,166
060730170491,410,209,201
060730170492,717,365,352
060730170501,600,296,304
060730170502,580,278,302
060730170511,556,315,241
060730170512,504,275,229
060730170513,1008,516,492
060730170521,672,359,313
060730170522,334,180,154
060730170523,463,252,211
060730170524,502,279,223
060730170531,925,420,505
060730170532,972,430,542
060730170541,681,314,367
060730170542,443,200,243
060730170543,431,204,227
060730170544,1118,520,598
060730170551,597,373,224
060730170552,535,323,212
060730170553,713,411,302
060730170561,734,427,307
060730170562,563,316,247
060730170571,382,188,194
060730170572,451,231,220
060730170573,928,490,438
060730170581,479,269,210
060730170582,439,245,194
060730170583,621,343,278
060730170591,1108,583,525
060730170592,1189,609,580
060730170601,903,460,443
060730170602,768,367,401
060730170611,668,340,328
060730170612,1251,541,710
060730170621,1129,524,605
060730170622,760,383,377
060730170623,483,198,285
060730170631,558,324,234
060730170632,432,256,176
060730170633,848,480,368
060730170641,661,380,281
060730170642,755,478,277
060730170643,805,470,335
060730170651,1077,620,457
060730170652,1683,1003,680
060730170661,1477,694,783
060730170662,1158,636,522
060730170671,400,212,188
060730170672,794,410,384
060730170681,551,327,224
060730170682,886,522,364
060730170691,1015,551,464
060730170701,868,482,386
060730170702,825,462,363
060730170703,226,128,98
060730170711,669,394,275
060730170712,867,505,362
060730171041,1345,832,513
060730171042,738,462,276
060730171061,789,312,477
060730171062,665,259,406
060730171063,710,249,461
060730171064,601,218,383
060730171071,944,575,369
060730171072,669,406,263
060730171081,501,321,180
060730171082,871,568,303
060730171083,669,412,257
060730171084,517,331,186
060730171091,1247,610,637
060730171092,586,296,290
060730171093,502,264,238
060730171094,944,552,392
060730171111,1134,481,653
060730171112,1250,594,656
060730171121,1165,577,588
060730171131,740,406,334
060730171132,1034,534,500
060730172011,670,411,259
060730172012,393,233,160
060730172021,565,303,262
060730172022,680,409,271
060730173031,618,400,218
060730173032,723,488,235
060730173033,323,201,122
060730173051,752,424,328
060730173052,462,253,209
060730173053,661,376,285
060730173061,1047,580,467
060730173062,669,385,284
060730173071,462,281,181
060730173072,695,434,261
060730173081,494,314,180
060730173082,703,464,239
060730174031,729,439,290
060730174032,805,428,377
060730174033,637,383,254
060730174034,814,473,341
060730174051,424,287,137
060730174052,523,355,168
060730174053,738,494,244
060730174061,532,322,210
060730174062,622,368,254
060730174063,498,322,176
060730174071,1094,673,421
060730174072,603,382,221
060730174081,601,385,216
060730174082,646,413,233
060730175011,370,259,111
060730175012,447,294,153
060730175013,669,456,213
060730175021,461,297,164
060730175022,475,307,168
060730175023,444,314,130
060730176011,692,440,252
060730176012,982,579,403
060730176013,673,360,313
060730176014,829,466,363
060730176031,639,420,219
060730176032,639,413,226
060730176051,703,432,271
060730176052,859,493,366
060730176061,921,542,379
060730176062,747,503,244
060730177011,561,360,201
060730177012,425,270,155
060730177013,609,416,193
060730177014,368,211,157
060730177015,466,266,200
060730177021,579,379,200
060730177022,408,261,147
060730177023,456,294,162
060730178011,830,414,416
060730178012,632,319,313
060730178013,1220,591,629
060730178014,576,358,218
060730178081,796,402,394
060730178082,1216,651,565
060730178083,771,397,374
060730178084,856,481,375
060730178091,1277,609,668
060730178101,1147,568,579
060730178102,700,359,341
060730178103,970,501,469
060730178111,620,373,247
060730178112,817,434,383
060730178113,404,197,207
060730178114,623,352,271
060730178115,842,430,412
060730178131,1110,558,552
060730178132,404,210,194
060730178133,819,402,417
060730179011,687,406,281
060730179012,424,252,172
060730179013,312,191,121
060730179021,536,312,224
060730179022,463,265,198
060730180001,315,185,130
060730180002,305,179,126
060730180003,522,276,246
060730180004,216,111,105
060730181011,658,394,264
060730181012,357,199,158
060730181013,412,249,163
060730181021,438,245,193
060730181022,281,156,125
060730181023,289,160,129
060730182011,553,337,216
060730182012,198,126,72
060730182021,181,114,67
060730182022,159,102,57
060730182023,444,265,179
060730183011,153,88,65
060730183012,231,116,115
060730183021,173,102,71
060730183022,230,125,105
060730184001,400,207,193
060730184002,301,161,140
060730184003,434,242,192
060730185041,596,298,298
060730185042,773,419,354
060730185043,1059,538,521
060730185044,336,198,138
060730185045,314,186,128
060730185091,272,160,112
060730185092,331,188,143
060730185093,264,151,113
060730185094,173,92,81
060730185101,632,363,269
060730185102,366,229,137
060730185111,323,172,151
060730185112,283,151,132
060730185113,250,146,104
060730185114,450,266,184
060730185121,866,471,395
060730185122,509,312,197
060730185123,516,292,224
060730185151,399,173,226
060730185152,1006,510,496
060730185153,833,435,398
060730185161,987,505,482
060730185162,296,161,135
060730185171,433,230,203
060730185172,513,275,238
060730185173,622,332,290
060730185181,287,169,118
060730185182,380,222,158
060730185191,579,301,278
060730185192,253,148,105
060730185193,147,88,59
060730185194,216,133,83
060730185201,491,282,209
060730185202,527,283,244
060730185203,442,264,178
060730185211,585,299,286
060730185212,988,520,468
060730185221,989,578,411
060730185222,691,380,311
060730185223,519,300,219
060730185231,767,425,342
060730185232,398,215,183
060730185233,465,251,214
060730185241,749,421,328
060730185242,419,246,173
060730185251,1098,522,576
060730185252,955,429,526
060730186011,473,232,241
060730186012,808,365,443
060730186013,618,272,346
060730186081,879,431,448
060730186082,260,132,128
060730186091,709,373,336
060730186092,283,180,103
060730186093,400,232,168
060730186121,1031,477,554
060730186122,414,207,207
060730186131,351,181,170
060730186132,472,268,204
060730186133,220,111,109
060730186151,118,76,42
060730186152,250,153,97
060730186153,196,125,71
060730186161,281,174,107
060730186162,285,182,103
060730186163,235,143,92
060730186171,952,465,487
060730186172,279,157,122
060730186181,169,106,63
060730186182,157,99,58
060730186183,210,128,82
060730186191,880,303,577
060730186192,389,162,227
060730186193,865,434,431
060730186194,592,256,336
060730186201,304,170,134
060730186202,254,140,114
060730186211,448,257,191
060730186221,296,168,128
060730186222,870,466,404
060730186223,442,250,192
060730187001,686,297,389
060730188011,1001,360,641
060730188012,893,288,605
060730188031,368,118,250
060730188032,531,190,341
060730188033,588,253,335
060730188034,977,356,621
060730188041,866,307,559
060730188042,1088,376,712
060730188043,1057,375,682
060730188051,1007,371,636
060730188052,985,367,618
060730189031,606,236,370
060730189032,310,117,193
060730189033,322,168,154
060730189034,272,114,158
060730189041,120,67,53
060730189042,241,108,133
060730189043,265,103,162
060730189044,676,276,400
060730189051,217,122,95
060730189052,98,57,41
060730189053,489,198,291
060730189054,545,227,318
060730189061,267,147,120
060730189062,290,117,173
060730189063,1021,379,642
060730190011,446,153,293
060730190012,818,323,495
060730190013,1071,377,694
060730190014,563,188,375
060730190021,1293,529,764
060730191031,531,179,352
060730191032,1052,349,703
060730191033,840,288,552
060730191034,460,159,301
060730191051,696,268,428
060730191052,982,330,652
060730191053,1008,386,622
060730191054,852,326,526
060730191071,806,262,544
060730191081,399,204,195
060730191082,416,186,230
060730191091,890,336,554
060730191092,223,84,139
060730191093,440,147,293
060730191101,688,201,487
060730191102,672,188,484
060730191103,681,263,418
060730191111,712,250,462
060730191112,513,174,339
060730191113,391,119,272
060730192031,372,151,221
060730192032,682,318,364
060730192051,302,150,152
060730192052,647,308,339
060730192053,351,170,181
060730192054,232,110,122
060730192061,218,130,88
060730192062,393,235,158
060730192063,193,119,74
060730192081,676,271,405
060730192082,934,394,540
060730192091,648,293,355
060730192092,901,369,532
060730192101,811,412,399
060730192102,271,151,120
060730192103,144,86,58
060730193011,581,267,314
060730193012,1168,584,584
060730193013,1295,591,704
060730193031,1068,447,621
060730193032,1027,431,596
060730193033,851,458,393
060730193041,430,225,205
060730193042,920,459,461
060730193051,636,328,308
060730193052,839,421,418
060730194031,1463,761,702
060730194032,370,189,181
060730194041,298,176,122
060730194042,310,184,126
060730194051,354,180,174
060730194052,246,139,107
060730194053,242,144,98
060730194061,453,234,219
060730194062,526,312,214
060730194063,483,258,225
060730195011,119,83,36
060730195012,186,119,67
060730195021,146,97,49
060730195022,196,123,73
060730195023,193,112,81
060730195031,411,232,179
060730195032,293,161,132
060730195033,361,213,148
060730196011,871,419,452
060730196012,374,191,183
060730196013,665,340,325
060730196014,385,196,189
060730196021,579,288,291
060730196022,1036,463,573
060730196023,271,135,136
060730197011,1458,738,720
060730197012,542,283,259
060730197021,440,192,248
060730197022,342,172,170
060730197023,502,252,250
060730197024,868,404,464
060730198031,1108,604,504
060730198032,718,381,337
060730198033,511,268,243
060730198041,808,370,438
060730198042,515,270,245
060730198043,1076,590,486
060730198051,970,557,413
060730198052,319,175,144
060730198081,702,388,314
060730198082,679,351,328
060730198083,1587,914,673
060730198091,822,385,437
060730198092,893,416,477
060730198093,643,322,321
060730198101,1989,1058,931
060730198102,945,488,457
060730198111,729,379,350
060730198112,512,251,261
060730198113,879,465,414
060730198114,1229,661,568
060730199021,920,445,475
060730199022,299,142,157
060730199031,900,371,529
060730199032,795,349,446
060730199041,1178,589,589
060730199042,397,203,194
060730199043,493,274,219
060730199044,558,292,266
060730199051,723,401,322
060730199052,486,259,227
060730199053,746,403,343
060730200151,1523,837,686
060730200152,574,323,251
060730200153,582,334,248
060730200171,402,192,210
060730200172,270,141,129
060730200173,59,44,15
060730200191,1248,677,571
060730200192,579,290,289
060730200193,1193,592,601
060730200211,155,90,65
060730200212,398,189,209
060730200213,282,141,141
060730200214,394,232,162
060730200231,839,439,400
060730200232,736,362,374
060730200241,909,429,480
060730200242,313,143,170
060730200243,429,197,232
060730200251,567,294,273
060730200252,406,213,193
060730200253,599,326,273
060730200261,421,201,220
060730200262,959,464,495
060730200263,800,396,404
060730200281,140,94,46
060730200282,94,63,31
060730200283,38,25,13
060730200291,314,196,118
060730200292,171,112,59
060730200293,336,199,137
060730200294,223,116,107
060730200301,834,473,361
060730200302,1200,641,559
060730200303,1185,633,552
060730200311,1039,572,467
060730200312,1188,668,520
060730200313,738,374,364
060730200321,902,459,443
060730200322,1011,537,474
060730200331,458,281,177
060730200332,920,499,421
060730200333,352,216,136
060730200341,1488,833,655
060730200351,779,438,341
060730200352,643,364,279
060730200353,521,290,231
060730200354,836,462,374
060730200355,961,523,438
060730200361,170,96,74
060730200362,237,137,100
060730200371,216,103,113
060730200372,705,376,329
060730200381,1054,532,522
060730200382,1027,434,593
060730200391,648,343,305
060730200401,1346,651,695
060730200402,720,334,386
060730200411,276,151,125
060730200412,369,192,177
060730200421,529,317,212
060730200422,1356,647,709
060730200431,1377,723,654
060730200432,1053,563,490
060730200441,440,253,187
060730200442,288,165,123
060730200443,1352,728,624
060730200444,1335,719,616
060730201051,483,206,277
060730201052,393,175,218
060730201053,378,167,211
060730201061,775,314,461
060730201062,398,166,232
060730201071,828,348,480
060730201072,488,209,279
060730201081,150,88,62
060730201082,167,83,84
060730201083,209,123,86
060730201084,171,101,70
060730201091,264,138,126
060730201092,329,181,148
060730201093,225,120,105
060730201094,364,193,171
060730201101,1468,618,850
060730201102,1002,469,533
060730201103,653,247,406
060730201111,842,311,531
060730201112,453,138,315
060730201113,446,164,282
060730202021,262,177,85
060730202022,156,105,51
060730202023,104,68,36
060730202024,120,80,40
060730202061,274,139,135
060730202062,250,152,98
060730202063,141,86,55
060730202071,295,149,146
060730202072,263,165,98
060730202081,569,284,285
060730202091,501,263,238
060730202092,263,166,97
060730202093,159,79,80
060730202101,503,256,247
060730202102,594,301,293
060730202111,206,113,93
060730202112,316,176,140
060730202113,324,178,146
060730202114,145,80,65
060730202131,121,79,42
060730202132,91,58,33
060730202133,81,51,30
060730202141,196,128,68
060730202142,82,54,28
060730202143,110,72,38
060730202144,76,50,26
060730203041,1188,573,615
060730203042,525,256,269
060730203043,639,308,331
060730203044,791,350,441
060730203051,1411,613,798
060730203052,370,167,203
060730203053,503,228,275
060730203081,181,97,84
060730203082,202,132,70
060730203083,859,489,370
060730203091,661,333,328
060730203092,433,191,242
060730203101,1066,618,448
060730203102,271,152,119
060730203103,624,289,335
060730203111,954,409,545
060730203112,865,440,425
060730203121,1123,481,642
060730203122,652,303,349
060730203131,502,229,273
060730203132,463,227,236
060730204011,570,231,339
060730204012,802,379,423
060730204031,609,281,328
060730204032,729,333,396
060730204041,274,153,121
060730204042,518,247,271
060730204043,1160,489,671
060730204051,762,316,446
060730204052,1172,493,679
060730205001,284,131,153
060730205002,203,111,92
060730205003,326,174,152
060730206011,317,192,125
060730206012,241,141,100
060730206013,197,119,78
060730206021,121,81,40
060730206022,339,190,149
060730206023,342,202,140
060730206024,700,335,365
060730207051,370,158,212
060730207052,377,179,198
060730207053,965,423,542
060730207061,626,248,378
060730207062,1093,424,669
060730207063,333,162,171
060730207064,1095,439,656
060730207071,384,201,183
060730207072,161,99,62
060730207073,401,227,174
060730207081,963,467,496
060730207082,550,252,298
060730207101,938,410,528
060730207111,1102,446,656
060730207112,412,181,231
060730207121,533,239,294
060730207122,677,294,383
060730207123,580,250,330
060730208011,492,162,330
060730208012,1111,373,738
060730208013,924,291,633
060730208051,487,143,344
060730208052,630,203,427
060730208061,458,152,306
060730208062,697,192,505
060730208063,243,89,154
060730208064,244,88,156
060730208071,1105,324,781
060730208072,356,88,268
060730208101,653,199,454
060730208102,305,93,212
060730208103,838,242,596
060730208104,650,182,468
060730208111,701,218,483
060730208112,1037,316,721
060730208113,905,284,621
060730208121,571,166,405
060730208131,463,135,328
060730208132,796,210,586
060730208133,541,164,377
060730209021,250,71,179
060730209022,817,197,620
060730209031,288,116,172
060730209032,544,207,337
060730209033,442,163,279
060730209041,460,182,278
060730209042,476,201,275
060730209043,257,100,157
060730209044,420,179,241
060730210011,235,132,103
060730210012,242,114,128
060730210013,306,121,185
060730210021,372,208,164
060730210022,283,157,126
060730211011,375,135,240
060730211012,573,182,391
060730211013,580,160,420
060730211021,571,150,421
060730211022,203,76,127
060730212021,989,267,722
060730212022,442,120,322
060730212041,1313,298,1015
060730212042,1511,400,1111
060730212051,966,271,695
060730212052,656,188,468
060730212053,838,247,591
060730212061,1010,232,778
060730212062,643,149,494
060730213021,663,221,442
060730213022,580,176,404
060730213023,531,147,384
060730213041,767,223,544
060730213042,537,152,385
060730213051,987,325,662
060730213052,902,254,648
060730213061,977,474,503
060730213062,693,363,330
060730213063,487,130,357
060730214011,228,132,96
060730214012,780,467,313
060730214013,255,148,107
060730214021,573,333,240
060730214022,503,277,226
060730215011,729,444,285
060730215012,446,268,178
060730215013,564,343,221
060730215021,1378,859,519
060730215022,596,349,247
060730215023,839,416,423
060730216001,188,81,107
060730216002,348,148,200
060730218001,447,201,246
060730218002,485,225,260
060730219001,236,165,71
060730219002,129,94,35
060730220001,281,172,109
060730220002,397,262,135
060730221011,1076,539,537
060730221012,260,128,132
060730221021,961,514,447
060730221022,796,461,335
060730221023,770,412,358
060730221024,470,263,207
060750101011,176,142,34
060750101012,471,390,81
060750101021,593,478,115
060750102011,650,559,91
060750102012,474,410,64
060750102021,438,357,81
060750102022,438,352,86
060750103001,630,531,99
060750103002,422,361,61
060750103003,514,438,76
060750104011,220,181,39
060750104012,625,526,99
060750104021,317,264,53
060750104022,289,237,52
060750104023,303,252,51
060750105001,512,417,95
060750105002,288,225,63
060750105003,320,251,69
060750106001,395,331,64
060750106002,286,246,40
060750106003,349,304,45
060750107011,260,212,48
060750107012,326,268,58
060750107021,304,258,46
060750107022,187,151,36
060750108001,494,403,91
060750108002,433,354,79
060750108003,594,496,98
060750109011,480,413,67
060750109012,448,384,64
060750109021,446,388,58
060750109022,479,413,66
060750110011,546,470,76
060750110012,410,353,57
060750110021,202,172,30
060750110022,247,208,39
060750110023,258,220,38
060750111011,342,297,45
060750111012,312,274,38
060750111013,320,276,44
060750111021,383,325,58
060750111022,325,279,46
060750112001,498,410,88
060750112002,285,234,51
060750112003,214,187,27
060750112004,312,241,71
060750113001,313,256,57
060750113002,353,283,70
060750117001,106,87,19
060750117002,74,59,15
060750117003,55,45,10
060750117004,177,145,32
060750118001,265,213,52
060750119011,475,413,62
060750119012,137,117,20
060750119013,194,170,24
060750119021,209,165,44
060750119022,489,423,66
060750119023,182,151,31
060750120011,356,313,43
060750120012,180,162,18
060750120021,318,285,33
060750120022,144,128,16
060750121001,220,187,33
060750121002,354,311,43
060750121003,309,276,33
060750122021,205,177,28
060750122022,258,219,39
060750122031,163,144,19
060750122032,188,163,25
060750122041,187,165,22
060750122042,158,136,22
060750122043,199,180,19
060750123011,217,191,26
060750123012,188,160,28
060750123013,60,50,10
060750123021,168,152,16
060750123022,184,158,26
060750123023,128,113,15
060750123024,179,155,24
060750124031,175,141,34
060750124032,110,85,25
060750124041,143,116,27
060750124042,120,96,24
060750124043,110,85,25
060750124051,188,170,18
060750124052,471,433,38
060750124053,205,189,16
060750124061,167,140,27
060750124062,230,194,36
060750125021,164,139,25
060750125022,124,99,25
060750125023,170,143,27
060750125024,137,112,25
060750125031,154,128,26
060750125032,126,107,19
060750125033,357,295,62
060750125041,169,153,16
060750126011,448,348,100
060750126012,570,436,134
060750126021,705,529,176
060750126022,513,397,116
060750127001,672,501,171
060750127002,548,420,128
060750127003,352,269,83
060750128011,434,329,105
060750128012,430,326,104
060750128013,348,265,83
060750128021,348,268,80
060750128022,446,349,97
060750129011,529,441,88
060750129012,579,481,98
060750129021,541,435,106
060750129022,471,385,86
060750129023,364,283,81
060750130011,487,402,85
060750130012,454,357,97
060750130021,466,364,102
060750130022,472,370,102
060750131011,485,418,67
060750131012,494,427,67
060750131013,325,267,58
060750131014,433,367,66
060750131021,619,531,88
060750131022,605,484,121
060750132001,347,278,69
060750132002,708,559,149
060750132003,526,423,103
060750132004,432,348,84
060750133001,324,261,63
060750133002,520,418,102
060750133003,424,343,81
060750133004,434,357,77
060750133005,393,323,70
060750134011,326,283,43
060750134012,358,316,42
060750134021,1032,897,135
060750135001,618,526,92
060750135002,340,291,49
060750135003,296,260,36
060750151001,326,270,56
060750151002,550,477,73
060750151003,343,281,62
060750152011,435,369,66
060750152012,221,195,26
060750152021,517,458,59
060750152022,446,389,57
060750153001,450,401,49
060750153002,550,496,54
060750154011,864,763,101
060750154012,466,399,67
060750154021,685,610,75
060750154022,527,466,61
060750155001,514,444,70
060750155002,227,204,23
060750155003,245,210,35
060750155004,337,296,41
060750156001,310,266,44
060750156002,537,474,63
060750156003,450,391,59
060750157011,864,745,119
060750157012,358,308,50
060750157021,746,678,68
060750157022,697,652,45
060750158011,178,166,12
060750158012,664,616,48
060750158013,514,455,59
060750158021,656,614,42
060750158022,736,676,60
060750159001,467,408,59
060750159002,273,234,39
060750159003,278,240,38
060750159004,299,258,41
060750160001,550,486,64
060750160002,480,426,54
060750161011,552,454,98
060750161012,314,268,46
060750161021,266,236,30
060750161022,465,409,56
060750162001,392,357,35
060750162002,396,368,28
060750162003,492,452,40
060750163001,270,251,19
060750163002,391,361,30
060750163003,502,448,54
060750163004,371,352,19
060750164001,806,766,40
060750164002,429,408,21
060750164003,489,467,22
060750165001,630,576,54
060750165002,535,510,25
060750165003,671,640,31
060750165004,501,476,25
060750166011,808,776,32
060750166012,711,683,28
060750166021,1056,992,64
060750167001,810,775,35
060750167002,389,374,15
060750167003,494,468,26
060750167004,709,675,34
060750168011,646,618,28
060750168012,556,533,23
060750168013,634,602,32
060750168021,573,536,37
060750168022,541,504,37
060750168023,410,381,29
060750169001,689,655,34
060750169002,418,397,21
060750169003,630,605,25
060750170001,562,538,24
060750170002,459,433,26
060750170003,687,645,42
060750170004,569,535,34
060750171011,690,648,42
060750171012,652,616,36
060750171013,631,598,33
060750171021,690,655,35
060750171022,394,374,20
060750171023,912,871,41
060750176021,343,296,47
060750176022,154,132,22
060750176023,147,129,18
060750176031,264,225,39
060750176032,243,213,30
060750176033,252,220,32
060750176034,366,317,49
060750176041,128,112,16
060750176042,548,479,69
060750176043,161,134,27
060750177001,214,192,22
060750177002,716,651,65
060750178011,378,314,64
060750178012,386,335,51
060750178013,341,279,62
060750178031,268,251,17
060750178032,279,258,21
060750178041,474,418,56
060750178042,242,214,28
060750178043,270,245,25
060750178044,260,230,30
060750179031,358,305,53
060750180001,280,244,36
060750180002,243,217,26
060750180003,214,191,23
060750180004,383,344,39
060750201011,515,456,59
060750201012,565,514,51
060750201021,304,273,31
060750201022,239,217,22
060750201023,150,133,17
060750202011,430,403,27
060750202012,572,534,38
060750202021,470,439,31
060750202022,590,541,49
060750202023,389,365,24
060750203001,684,651,33
060750203002,334,319,15
060750203003,663,635,28
060750204011,545,512,33
060750204012,396,370,26
060750204013,733,688,45
060750204021,613,558,55
060750204022,516,470,46
060750204023,596,548,48
060750204024,456,422,34
060750205001,438,411,27
060750205002,537,509,28
060750205003,559,532,27
060750206011,686,652,34
060750206012,844,800,44
060750206021,694,653,41
060750206022,537,509,28
060750207011,432,401,31
060750207012,503,475,28
060750207013,443,419,24
060750207021,571,537,34
060750207022,571,541,30
060750208011,352,323,29
060750208012,428,395,33
060750208013,371,344,27
060750208021,327,304,23
060750208022,372,344,28
060750209001,493,448,45
060750209002,261,244,17
060750209003,245,229,16
060750209004,368,337,31
060750210001,467,434,33
060750210002,368,340,28
060750210003,583,550,33
060750210004,373,350,23
060750211001,633,592,41
060750211002,464,430,34
060750211003,517,486,31
060750211004,494,465,29
060750212001,462,423,39
060750212002,621,576,45
060750212003,459,429,30
060750213001,594,557,37
060750213002,732,681,51
060750214001,396,372,24
060750214002,703,659,44
060750214003,631,595,36
060750215001,410,382,28
060750215002,577,537,40
060750215003,397,368,29
060750215004,520,477,43
060750215005,514,479,35
060750216001,969,892,77
060750216002,742,642,100
060750216003,387,349,38
060750217001,673,573,100
060750217002,653,603,50
060750217003,835,760,75
060750218001,632,581,51
060750218002,609,562,47
060750218003,389,367,22
060750218004,519,493,26
060750226001,892,834,58
060750226002,790,729,61
060750227021,542,504,38
060750227022,551,503,48
060750227041,837,767,70
060750227042,494,455,39
060750227043,530,481,49
060750228011,611,555,56
060750228012,641,599,42
060750228013,508,471,37
060750228021,299,271,28
060750228022,355,330,25
060750228031,608,574,34
060750228032,425,397,28
060750228033,412,387,25
060750229011,532,492,40
060750229012,403,355,48
060750229013,238,217,21
060750229021,351,325,26
060750229022,400,365,35
060750229031,413,383,30
060750229032,325,296,29
060750229033,289,263,26
060750230011,430,343,87
060750230012,303,249,54
060750230013,444,330,114
060750230031,274,231,43
060750230032,333,270,63
060750230033,435,365,70
060750231021,528,471,57
060750231022,336,296,40
060750231031,243,215,28
060750231032,446,398,48
060750232001,342,291,51
060750232002,362,315,47
060750232003,319,282,37
060750233001,226,180,46
060750233002,667,519,148
060750234001,313,254,59
060750234002,364,288,76
060750251001,710,671,39
060750251002,454,422,32
060750251003,406,377,29
060750252001,461,425,36
060750252002,750,691,59
060750252003,710,671,39
060750252004,602,566,36
060750253001,552,524,28
060750253002,396,369,27
060750253003,359,333,26
060750253004,688,645,43
060750254011,482,447,35
060750254012,423,393,30
060750254013,416,379,37
060750254021,486,463,23
060750254022,377,357,20
060750254023,426,391,35
060750254031,726,637,89
060750254032,682,623,59
060750255011,502,404,98
060750255012,522,429,93
060750255013,273,220,53
060750255021,344,282,62
060750255022,651,535,116
060750255023,418,361,57
060750256001,486,402,84
060750256002,318,249,69
060750256003,323,261,62
060750256004,488,399,89
060750257011,366,283,83
060750257012,505,387,118
060750257013,345,267,78
060750257021,275,191,84
060750257022,341,261,80
060750257023,347,254,93
060750258001,240,178,62
060750258002,160,125,35
060750259001,634,485,149
060750259002,716,581,135
060750260011,336,276,60
060750260012,347,279,68
060750260013,305,246,59
060750260014,320,256,64
060750260021,433,356,77
060750260022,591,489,102
060750260031,601,475,126
060750260032,675,528,147
060750260041,562,453,109
060750260042,431,338,93
060750261001,411,333,78
060750261002,625,458,167
060750261003,346,260,86
060750261004,357,275,82
060750262011,282,222,60
060750262012,314,247,67
060750262013,289,209,80
060750262021,442,334,108
060750262022,342,265,77
060750263011,273,216,57
060750263012,554,432,122
060750263013,265,209,56
060750263021,305,254,51
060750263022,335,261,74
060750263023,614,462,152
060750263031,499,372,127
060750263032,275,209,66
060750263033,247,195,52
060750264011,409,293,116
060750264012,412,322,90
060750264021,249,190,59
060750264022,387,304,83
060750264023,401,309,92
060750264031,398,290,108
060750264032,391,295,96
060750264041,312,234,78
060750264042,234,178,56
060750301011,662,607,55
060750301012,527,485,42
060750301013,400,375,25
060750301014,448,416,32
060750301021,670,547,123
060750301022,526,489,37
060750301023,685,611,74
060750301024,486,453,33
060750302011,740,656,84
060750302012,490,413,77
060750302013,540,462,78
060750302021,674,609,65
060750302022,674,607,67
060750302023,623,571,52
060750303011,576,483,93
060750303012,874,783,91
060750303013,753,652,101
060750303014,543,444,99
060750303021,594,482,112
060750303022,577,460,117
060750303023,548,430,118
060750304001,611,491,120
060750304002,575,453,122
060750304003,657,512,145
060750304004,334,253,81
060750304005,339,261,78
060750305001,475,391,84
060750305002,450,376,74
060750305003,380,321,59
060750306001,435,336,99
060750306002,400,334,66
060750306003,442,340,102
060750307001,1525,1343,182
060750307002,795,709,86
060750307003,1378,1148,230
060750308001,521,420,101
060750308002,428,325,103
060750308003,375,275,100
060750308004,847,661,186
060750308005,818,626,192
060750309001,529,397,132
060750309002,645,500,145
060750309003,580,459,121
060750309004,436,320,116
060750309005,421,289,132
060750309006,314,230,84
060750309007,455,337,118
060750310001,510,416,94
060750310002,754,631,123
060750310003,723,580,143
060750311001,468,422,46
060750311002,626,540,86
060750311003,298,260,38
060750311004,567,489,78
060750311005,822,712,110
060750312011,610,485,125
060750312012,410,328,82
060750312013,234,187,47
060750312014,397,315,82
060750312021,414,330,84
060750312022,470,386,84
060750313011,328,268,60
060750313012,501,407,94
060750313013,484,411,73
060750313021,425,348,77
060750313022,411,313,98
060750313023,766,575,191
060750314011,347,258,89
060750314012,193,142,51
060750314021,502,416,86
060750314022,267,209,58
060750314023,292,235,57
060750326011,582,476,106
060750326012,516,421,95
060750326013,537,432,105
060750326021,702,546,156
060750326022,460,355,105
060750326023,429,330,99
060750327001,354,285,69
060750327002,489,392,97
060750327003,439,329,110
060750327004,371,279,92
060750327005,328,245,83
060750327006,334,251,83
060750327007,336,268,68
060750328011,502,381,121
060750328012,483,364,119
060750328013,503,368,135
060750328021,508,388,120
060750328022,512,390,122
060750328023,493,385,108
060750329011,442,337,105
060750329012,506,369,137
060750329013,476,343,133
060750329014,476,344,132
060750329021,466,357,109
060750329022,428,328,100
060750329023,473,358,115
060750330011,483,327,156
060750330012,487,363,124
060750330013,526,404,122
060750330021,540,404,136
060750330022,467,359,108
060750330023,688,518,170
060750331001,259,183,76
060750331002,458,320,138
060750331003,340,241,99
060750331004,674,453,221
060750332011,369,313,56
060750332031,537,431,106
060750332032,304,241,63
060750332041,222,184,38
060750332042,303,229,74
060750332043,314,239,75
060750351011,475,382,93
060750351012,448,360,88
060750351013,427,343,84
060750351021,322,259,63
060750351022,371,279,92
060750351023,383,289,94
060750351024,553,416,137
060750352011,414,330,84
060750352012,394,322,72
060750352013,458,374,84
060750352014,469,396,73
060750352015,376,302,74
060750352021,562,478,84
060750352022,572,490,82
060750352023,529,445,84
060750353001,410,319,91
060750353002,562,427,135
060750353003,391,293,98
060750353004,377,283,94
060750353005,468,357,111
060750353006,512,407,105
060750354001,496,403,93
060750354002,609,487,122
060750354003,425,331,94
060750354004,666,517,149
060750354005,459,363,96
060750401001,480,407,73
060750401002,417,359,58
060750401003,515,450,65
060750401004,405,348,57
060750402001,729,644,85
060750402002,334,275,59
060750402003,465,393,72
060750402004,683,595,88
060750426011,566,477,89
060750426012,917,775,142
060750426021,432,369,63
060750426022,495,416,79
060750426023,499,422,77
060750427001,679,568,111
060750427002,602,492,110
060750427003,687,553,134
060750428001,542,435,107
060750428002,427,335,92
060750428003,326,275,51
060750451001,821,726,95
060750451002,540,472,68
060750451003,502,428,74
060750452011,514,443,71
060750452012,524,444,80
060750452013,469,388,81
060750452021,640,532,108
060750452022,675,582,93
060750476001,550,456,94
060750476002,573,476,97
060750476003,474,397,77
060750476004,662,555,107
060750477011,556,447,109
060750477012,577,480,97
060750477013,505,405,100
060750477021,451,369,82
060750477022,490,408,82
060750477023,565,467,98
060750478011,521,406,115
060750478012,428,338,90
060750478013,696,550,146
060750478021,478,374,104
060750478022,465,369,96
060750478023,535,428,107
060750479021,571,457,114
060750479022,483,386,97
060750479023,520,415,105
060750479031,433,348,85
060750479032,636,519,117
060750479033,466,368,98
060750479041,671,514,157
060750479042,496,405,91
060750601001,674,607,67
060750601002,634,559,75
060750604001,287,233,54
060750604002,216,153,63
060750605021,120,95,25
060750605022,45,36,9
060750605023,223,169,54
060750607011,351,288,63
060750607012,1044,928,116
060750607013,481,425,56
060750607021,787,677,110
060750607031,469,405,64
060750607032,408,357,51
060750607033,632,547,85
060750610001,488,374,114
060750610002,373,325,48
060750610003,328,251,77
060750611011,149,122,27
060750611012,190,155,35
060750611021,96,80,16
060750611022,204,162,42
060750612001,358,322,36
060750612002,187,159,28
060750612003,299,257,42
060750614011,337,308,29
060750614012,315,288,27
060750614013,536,497,39
060750614021,615,553,62
060750614022,364,336,28
060750615011,191,159,32
060750615012,162,140,22
060750615013,190,164,26
060750615021,483,388,95
060750615022,298,251,47
060750615031,362,296,66
060750615032,273,232,41
060750615033,214,180,34
060750615041,298,246,52
060750615042,281,227,54
060750615051,368,315,53
060750615061,512,422,90
060750615062,269,221,48
060750615063,236,201,35
060750615071,394,321,73
060750615081,104,83,21
060750615082,199,160,39
060750615083,247,213,34
060759802001,5,4,1
060759803001,23,21,2
060759805011,37,29,8
060759806001,287,255,32
060759809001,236,209,27
060770001011,46,31,15
060770001012,69,52,17
060770001021,109,80,29
060770001022,69,50,19
060770001023,65,45,20
060770003001,213,142,71
060770003002,73,56,17
060770004011,174,122,52
060770004012,101,72,29
060770004013,423,285,138
060770004014,175,109,66
060770004021,125,92,33
060770004022,104,77,27
060770004023,95,71,24
060770004024,234,168,66
060770005001,163,108,55
060770005002,82,57,25
060770006001,61,42,19
060770006002,77,55,22
060770007001,84,58,26
060770007002,107,74,33
060770007003,82,56,26
060770007004,151,109,42
060770008021,120,92,28
060770008031,314,225,89
060770008032,259,184,75
060770008033,206,145,61
060770009001,200,110,90
060770009002,268,163,105
060770009003,200,110,90
060770009004,195,109,86
060770009005,184,102,82
060770010001,311,145,166
060770010002,293,159,134
060770010003,517,243,274
060770010004,276,136,140
060770011011,473,259,214
060770011012,373,202,171
060770011013,372,200,172
060770011021,278,151,127
060770011022,254,137,117
060770011023,186,102,84
060770011024,209,111,98
060770011025,151,82,69
060770012001,425,261,164
060770012002,371,227,144
060770012003,485,312,173
060770012004,409,263,146
060770013001,242,147,95
060770013002,375,233,142
060770013003,292,179,113
060770013004,227,141,86
060770014001,249,153,96
060770014002,159,100,59
060770014003,215,132,83
060770014004,382,237,145
060770015011,189,111,78
060770015012,253,162,91
060770015013,233,142,91
060770015021,219,124,95
060770015022,96,52,44
060770015023,150,83,67
060770016001,128,77,51
060770016002,100,69,31
060770017001,111,62,49
060770017002,136,94,42
060770017003,98,67,31
060770018001,160,113,47
060770018002,225,163,62
060770019001,135,93,42
060770019002,156,113,43
060770019003,106,75,31
060770019004,86,61,25
060770020001,150,108,42
060770020002,115,83,32
060770020003,158,99,59
060770021001,169,135,34
060770021002,124,94,30
060770021003,179,122,57
060770021004,168,115,53
060770022011,119,93,26
060770022012,181,143,38
060770022021,152,109,43
060770022022,221,150,71
060770022023,176,138,38
060770023001,159,121,38
060770023002,127,99,28
060770023003,138,108,30
060770024011,206,164,42
060770024012,135,107,28
060770024013,219,174,45
060770024021,147,108,39
060770024022,113,89,24
060770025031,135,97,38
060770025032,172,124,48
060770025041,254,182,72
060770025042,274,197,77
060770027011,90,46,44
060770027012,100,51,49
060770027013,194,99,95
060770027014,251,130,121
060770027021,161,89,72
060770027022,172,94,78
060770027023,180,100,80
060770028001,230,159,71
060770028002,254,175,79
060770028003,228,159,69
060770028004,222,152,70
060770031061,450,219,231
060770031062,312,157,155
060770031063,736,356,380
060770031081,442,241,201
060770031082,410,223,187
060770031083,394,214,180
060770031091,170,98,72
060770031092,595,289,306
060770031093,302,155,147
060770031094,546,280,266
060770031101,374,184,190
060770031102,224,137,87
060770031103,261,147,114
060770031111,487,263,224
060770031112,526,318,208
060770031121,542,291,251
060770031122,424,227,197
060770031151,151,103,48
060770031152,222,153,69
060770031153,125,85,40
060770031161,130,83,47
060770031162,103,71,32
060770031171,768,331,437
060770031172,818,353,465
060770031181,405,204,201
060770031182,537,258,279
060770031191,259,134,125
060770031192,465,240,225
060770031193,502,258,244
060770032031,583,282,301
060770032032,688,353,335
060770032051,317,128,189
060770032052,650,292,358
060770032053,285,139,146
060770032091,365,188,177
060770032092,241,123,118
060770032093,411,212,199
060770032101,441,247,194
060770032102,271,148,123
060770032131,288,155,133
060770032132,307,154,153
060770032133,188,114,74
060770032134,312,190,122
060770032141,388,195,193
060770032142,652,326,326
060770032151,382,205,177
060770032152,291,158,133
060770032153,65,49,16
060770032154,136,104,32
060770032161,397,207,190
060770032162,258,136,122
060770032171,251,132,119
060770032172,375,193,182
060770032181,457,224,233
060770032182,342,172,170
060770032191,569,306,263
060770032192,456,236,220
060770032193,357,183,174
060770032194,472,256,216
060770032195,964,457,507
060770033051,234,149,85
060770033052,262,167,95
060770033053,378,234,144
060770033061,256,157,99
060770033062,159,97,62
060770033063,237,145,92
060770033071,301,179,122
060770033072,229,135,94
060770033073,245,142,103
060770033081,248,156,92
060770033101,248,148,100
060770033102,268,161,107
060770033103,199,119,80
060770033111,282,169,113
060770033112,219,130,89
060770033121,114,73,41
060770033122,137,87,50
060770033123,98,63,35
060770033131,171,109,62
060770033132,166,105,61
060770034031,208,132,76
060770034032,268,169,99
060770034033,281,167,114
060770034041,146,81,65
060770034042,182,102,80
060770034043,270,152,118
060770034044,253,142,111
060770034051,168,108,60
060770034052,143,92,51
060770034053,151,97,54
060770034061,244,157,87
060770034062,202,130,72
060770034071,195,132,63
060770034072,202,134,68
060770034091,217,137,80
060770034092,335,211,124
060770034093,221,139,82
060770034101,289,200,89
060770034102,202,138,64
060770034103,248,170,78
060770034104,119,82,37
060770035011,588,196,392
060770035012,550,185,365
060770035021,394,126,268
060770035022,344,113,231
060770035023,231,77,154
060770035031,187,108,79
060770035032,376,223,153
060770035033,341,199,142
060770035034,558,325,233
060770035041,586,380,206
060770035042,312,203,109
060770035043,363,225,138
060770036011,214,68,146
060770036012,269,95,174
060770036013,195,60,135
060770036014,284,83,201
060770036021,297,56,241
060770036022,359,73,286
060770036023,259,78,181
060770037001,181,95,86
060770037002,183,92,91
060770037003,123,53,70
060770038031,154,82,72
060770038032,313,202,111
060770038033,254,94,160
060770038041,474,330,144
060770038042,330,228,102
060770038043,314,218,96
060770038051,223,158,65
060770038052,337,235,102
060770038061,298,188,110
060770038062,293,209,84
060770038071,182,125,57
060770038072,190,135,55
060770038081,321,223,98
060770038082,299,213,86
060770038083,195,136,59
060770039001,125,58,67
060770039002,154,38,116
060770040011,326,138,188
060770040012,227,87,140
060770040031,484,261,223
060770040032,674,352,322
060770040033,457,241,216
060770040041,349,191,158
060770040042,318,174,144
060770040043,706,387,319
060770040044,448,246,202
060770041041,971,311,660
060770041042,592,209,383
060770041043,487,165,322
060770041051,654,182,472
060770041052,451,159,292
060770041053,399,112,287
060770041054,536,150,386
060770041061,611,215,396
060770041062,324,90,234
060770041071,909,299,610
060770041072,414,124,290
060770041081,406,245,161
060770041082,311,181,130
060770041083,815,399,416
060770041084,384,214,170
060770042021,910,295,615
060770042031,479,166,313
060770042032,173,80,93
060770042033,238,110,128
060770042041,281,117,164
060770042042,497,167,330
060770042043,341,139,202
060770042051,365,119,246
060770042052,497,158,339
060770042053,337,108,229
060770042061,662,234,428
060770042062,627,197,430
060770043021,383,158,225
060770043022,530,178,352
060770043023,501,178,323
060770043024,312,115,197
060770043051,706,231,475
060770043052,840,293,547
060770043053,266,93,173
060770043054,449,156,293
060770043071,519,180,339
060770043072,340,139,201
060770043073,229,87,142
060770043081,281,115,166
060770043082,164,81,83
060770043083,216,85,131
060770043091,496,168,328
060770043092,437,155,282
060770043101,669,206,463
060770043102,459,159,300
060770044021,274,112,162
060770044022,423,167,256
060770044023,493,203,290
060770044031,191,103,88
060770044032,93,54,39
060770044033,99,58,41
060770044041,116,58,58
060770044042,108,62,46
060770044043,142,78,64
060770045011,412,132,280
060770045012,288,133,155
060770045021,123,70,53
060770045022,66,39,27
060770045023,108,61,47
060770046001,540,119,421
060770046002,459,131,328
060770046003,459,113,346
060770046004,444,108,336
060770046005,335,68,267
060770047011,363,90,273
060770047012,660,158,502
060770047031,469,90,379
060770047032,529,105,424
060770047033,521,105,416
060770047041,394,86,308
060770047042,512,99,413
060770047043,557,132,425
060770047044,431,118,313
060770048001,320,68,252
060770048002,656,137,519
060770048003,319,64,255
060770048004,634,128,506
060770049031,393,103,290
060770049032,586,152,434
060770049041,435,113,322
060770049042,482,124,358
060770049043,433,109,324
060770049044,413,107,306
060770049051,479,97,382
060770049052,386,70,316
060770049053,295,43,252
060770049061,263,32,231
060770049062,379,53,326
060770049063,298,58,240
060770050011,420,104,316
060770050012,824,210,614
060770050013,452,107,345
060770050014,637,157,480
060770050031,401,62,339
060770050032,787,223,564
060770050033,825,174,651
060770050034,704,188,516
060770050041,468,105,363
060770050042,634,166,468
060770050043,712,184,528
060770050044,579,127,452
060770051061,1221,506,715
060770051062,622,321,301
060770051063,214,39,175
060770051064,1900,938,962
060770051081,390,182,208
060770051082,124,56,68
060770051083,346,160,186
060770051091,295,137,158
060770051092,261,122,139
060770051093,152,71,81
060770051191,676,419,257
060770051192,77,36,41
060770051193,876,510,366
060770051194,514,317,197
060770051221,708,362,346
060770051222,193,87,106
060770051223,506,252,254
060770051224,329,148,181
060770051231,249,118,131
060770051232,239,114,125
060770051233,564,269,295
060770051241,223,106,117
060770051242,278,133,145
060770051243,274,130,144
060770051251,269,120,149
060770051252,247,109,138
060770051261,244,101,143
060770051262,334,148,186
060770051263,325,138,187
060770051271,463,266,197
060770051272,386,223,163
060770051273,478,276,202
060770051291,260,141,119
060770051292,411,223,188
060770051301,193,105,88
060770051302,431,232,199
060770051311,205,60,145
060770051312,449,135,314
060770051313,615,219,396
060770051321,178,80,98
060770051322,235,103,132
060770051323,240,109,131
060770051331,278,122,156
060770051332,390,171,219
060770051333,154,67,87
060770051334,175,77,98
060770051341,445,197,248
060770051342,253,112,141
060770051343,301,133,168
060770051344,357,158,199
060770051351,504,222,282
060770051352,622,274,348
060770051353,1015,424,591
060770051354,1686,792,894
060770051361,424,191,233
060770051362,450,203,247
060770051371,892,441,451
060770051372,568,263,305
060770051373,418,193,225
060770051374,242,111,131
060770051381,396,174,222
060770051382,382,184,198
060770051391,440,186,254
060770051392,711,311,400
060770051401,375,165,210
060770051402,168,68,100
060770051403,240,112,128
060770051411,394,209,185
060770051412,486,217,269
060770052081,500,276,224
060770052082,289,161,128
060770052083,514,278,236
060770052084,373,207,166
060770052111,234,150,84
060770052112,499,319,180
060770052113,453,290,163
060770052121,747,437,310
060770052122,533,327,206
060770052123,710,419,291
060770052131,318,185,133
060770052132,843,483,360
060770052141,2040,1139,901
060770052142,519,257,262
060770052151,510,188,322
060770052152,605,334,271
060770052153,385,199,186
060770052161,394,209,185
060770052162,494,264,230
060770052163,608,318,290
060770052171,624,345,279
060770052172,384,224,160
060770052181,514,303,211
060770052182,443,261,182
060770052191,726,402,324
060770052192,837,422,415
060770052201,679,372,307
060770052211,1513,971,542
060770052212,567,366,201
060770052221,433,278,155
060770052222,580,382,198
060770052231,1027,684,343
060770052232,655,439,216
060770052233,427,205,222
060770052241,482,251,231
060770052242,770,402,368
060770052251,178,71,107
060770052252,473,201,272
060770053031,157,83,74
060770053032,172,94,78
060770053033,118,63,55
060770053034,186,98,88
060770053035,156,83,73
060770053071,284,148,136
060770053072,361,197,164
060770053081,209,115,94
060770053082,169,92,77
060770053083,205,113,92
060770053084,387,212,175
060770053091,370,196,174
060770053092,264,140,124
060770053101,250,137,113
060770053102,236,129,107
060770053103,213,116,97
060770053111,168,96,72
060770053112,278,155,123
060770053121,230,132,98
060770053122,310,172,138
060770053123,201,115,86
060770054031,346,181,165
060770054032,379,199,180
060770054033,483,255,228
060770054034,467,263,204
060770054051,164,88,76
060770054052,341,197,144
060770054053,276,159,117
060770054061,515,291,224
060770054062,186,98,88
060770055021,783,413,370
060770055022,308,110,198
060770055031,241,78,163
060770055032,273,84,189
060770055033,29,8,21
060779800001,0,0,0
060790100161,825,316,509
060790100162,681,203,478
060790100163,465,135,330
060790100171,568,152,416
060790100172,483,148,335
060790100173,700,186,514
060790101011,813,340,473
060790101031,337,165,172
060790101032,358,165,193
060790101033,292,149,143
060790101041,300,150,150
060790101042,197,100,97
060790102021,805,350,455
060790102022,548,226,322
060790102023,644,248,396
060790102041,1164,490,674
060790102042,853,347,506
060790102051,548,237,311
060790102052,366,150,216
060790102053,773,322,451
060790102061,710,289,421
060790102062,1212,475,737
060790102071,1059,367,692
060790102072,862,350,512
060790103011,762,193,569
060790103012,655,172,483
060790103013,276,82,194
060790103021,884,245,639
060790103022,822,268,554
060790103031,629,170,459
060790103032,680,181,499
060790104031,787,530,257
060790104032,680,458,222
060790104033,768,511,257
060790104041,780,506,274
060790104042,397,258,139
060790105041,372,204,168
060790105042,608,325,283
060790105043,526,282,244
060790105051,858,491,367
060790105052,905,508,397
060790105061,769,450,319
060790105062,416,241,175
060790106021,677,409,268
060790106022,874,549,325
060790106023,741,443,298
060790106031,688,388,300
060790107011,701,525,176
060790107012,1065,768,297
060790107013,581,409,172
060790107031,800,560,240
060790107032,844,576,268
060790107071,442,313,129
060790107072,927,650,277
060790107073,672,474,198
060790107074,692,489,203
060790107075,786,553,233
060790109021,259,188,71
060790109022,215,156,59
060790109023,278,205,73
060790109031,115,84,31
060790109032,19,14,5
060790109033,77,57,20
060790109041,36,25,11
060790109042,10,5,5
060790110011,829,597,232
060790110012,708,498,210
060790110013,869,625,244
060790110021,811,587,224
060790110022,321,236,85
060790111011,428,309,119
060790111012,517,368,149
060790111013,408,311,97
060790111031,662,481,181
060790111032,1010,707,303
060790111041,989,763,226
060790111051,471,380,91
060790111052,417,334,83
060790111053,623,491,132
060790112011,659,475,184
060790112012,774,524,250
060790112021,738,542,196
060790112022,454,331,123
060790113001,627,419,208
060790113002,993,665,328
060790113003,583,381,202
060790113004,477,325,152
060790113005,494,330,164
060790114001,4,2,2
060790115011,765,492,273
060790115051,1209,814,395
060790115052,1120,774,346
060790115053,333,173,160
060790116001,976,467,509
060790116002,802,423,379
060790116003,812,467,345
060790117041,680,359,321
060790117042,701,350,351
060790117043,497,262,235
060790117051,862,397,465
060790117061,923,422,501
060790117062,871,416,455
060790118001,802,402,400
060790118002,1136,574,562
060790118003,566,293,273
060790118004,447,232,215
060790118005,1599,791,808
060790119011,754,346,408
060790119012,811,399,412
060790119031,777,407,370
060790119041,729,352,377
060790119042,858,446,412
060790119043,638,326,312
060790119044,602,298,304
060790120011,984,513,471
060790120021,691,362,329
060790120022,330,174,156
060790120023,570,298,272
060790121021,525,258,267
060790121022,821,410,411
060790121023,444,230,214
060790121024,323,160,163
060790122011,234,119,115
060790122012,512,261,251
060790122021,800,421,379
060790122022,494,255,239
060790123021,1273,571,702
060790123022,586,253,333
060790123023,727,214,513
060790123024,436,199,237
060790123051,1221,498,723
060790123052,499,191,308
060790123053,916,406,510
060790123054,626,246,380
060790123061,2392,1154,1238
060790123062,475,217,258
060790124031,884,344,540
060790124032,915,414,501
060790124041,626,270,356
060790124042,449,196,253
060790124043,883,368,515
060790124044,434,189,245
060790124051,690,289,401
060790124052,486,187,299
060790124061,309,132,177
060790124062,252,108,144
060790124063,427,183,244
060790125021,584,278,306
060790125022,490,233,257
060790125023,896,420,476
060790125031,655,304,351
060790125032,562,300,262
060790125033,561,259,302
060790125034,474,238,236
060790125051,1033,380,653
060790125052,539,201,338
060790125053,833,401,432
060790126011,1044,475,569
060790126012,635,289,346
060790126013,615,281,334
060790126014,706,311,395
060790126021,883,400,483
060790127051,540,244,296
060790127052,401,179,222
060790127053,846,368,478
060790127054,1252,523,729
060790127061,795,341,454
060790127062,969,423,546
060790127063,791,370,421
060790127071,653,254,399
060790127072,1153,459,694
060790127073,616,253,363
060790127081,417,133,284
060790130001,641,323,318
060790130002,605,268,337
060790131001,378,103,275
060790131002,687,199,488
060790131003,249,70,179
060790131004,388,158,230
060790131005,733,300,433
060816001001,467,367,100
060816001002,443,348,95
060816001003,313,251,62
060816001004,363,286,77
060816001005,347,273,74
060816002001,450,342,108
060816002002,399,305,94
060816003001,530,420,110
060816003002,548,425,123
060816004011,545,430,115
060816004012,279,216,63
060816004021,254,196,58
060816004022,420,324,96
060816004023,207,160,47
060816005011,174,134,40
060816005012,239,183,56
060816005013,349,267,82
060816005021,494,382,112
060816005022,375,290,85
060816006001,544,427,117
060816006002,242,189,53
060816006003,217,168,49
060816007011,421,323,98
060816007012,218,169,49
060816007013,221,174,47
060816007021,279,218,61
060816007022,257,202,55
060816008001,238,189,49
060816008002,256,204,52
060816008003,245,193,52
060816008004,143,114,29
060816009001,698,468,230
060816009002,562,378,184
060816010001,514,403,111
060816010002,442,349,93
060816010003,668,515,153
060816010004,337,266,71
060816011001,273,217,56
060816011002,204,162,42
060816011003,291,225,66
060816011004,400,310,90
060816011005,402,318,84
060816012001,435,336,99
060816012002,346,258,88
060816012003,424,322,102
060816012004,512,382,130
060816013011,250,196,54
060816013012,342,270,72
060816013013,214,168,46
060816013021,497,384,113
060816013022,335,260,75
060816014001,385,296,89
060816014002,573,440,133
060816014003,284,207,77
060816014004,441,325,116
060816015011,506,390,116
060816015012,393,302,91
060816015013,398,304,94
060816015021,269,204,65
060816015022,133,101,32
060816015023,351,266,85
060816016011,345,268,77
060816016012,373,289,84
060816016031,768,578,190
060816016032,552,416,136
060816016033,286,222,64
060816016041,640,475,165
060816016051,336,252,84
060816016052,261,193,68
060816016053,662,496,166
060816016054,480,359,121
060816017001,344,265,79
060816017002,622,462,160
060816017003,516,382,134
060816018001,1043,744,299
060816018002,608,435,173
060816018003,602,437,165
060816019011,394,289,105
060816019012,554,415,139
060816019013,300,220,80
060816019021,400,300,100
060816019022,318,234,84
060816019023,219,172,47
060816019024,473,354,119
060816020011,395,299,96
060816020012,186,142,44
060816020013,802,590,212
060816020021,580,438,142
060816020022,405,301,104
060816021001,210,175,35
060816021002,166,137,29
060816021003,141,116,25
060816022011,328,241,87
060816022012,296,231,65
060816022013,300,236,64
060816022021,348,286,62
060816022022,310,249,61
060816023001,448,341,107
060816023002,611,467,144
060816024001,349,243,106
060816024002,753,519,234
060816024003,477,346,131
060816024004,749,528,221
060816025001,578,439,139
060816025002,494,366,128
060816025003,518,393,125
060816026011,692,515,177
060816026012,519,400,119
060816026021,352,272,80
060816026022,642,486,156
060816027001,299,229,70
060816027002,432,331,101
060816027003,516,396,120
060816027004,563,433,130
060816028001,376,292,84
060816028002,791,598,193
060816028003,316,241,75
060816029001,808,624,184
060816029002,666,513,153
060816030001,823,649,174
060816030002,314,248,66
060816030003,284,226,58
060816030004,529,416,113
060816031001,1046,768,278
060816031002,651,486,165
060816032001,653,475,178
060816032002,336,247,89
060816032003,458,327,131
060816032004,376,278,98
060816033001,911,674,237
060816033002,1269,932,337
060816033003,1111,813,298
060816034001,924,631,293
060816034002,505,344,161
060816034003,678,459,219
060816034004,767,549,218
060816037001,1009,746,263
060816037002,1041,743,298
060816038011,745,506,239
060816038021,868,592,276
060816038022,405,274,131
060816038023,725,489,236
060816039001,249,174,75
060816039002,531,379,152
060816039003,351,251,100
060816039004,269,190,79
060816039005,285,200,85
060816039006,165,118,47
060816040001,293,204,89
060816040002,450,316,134
060816040003,504,354,150
060816041021,238,189,49
060816041022,380,302,78
060816041023,226,179,47
060816041031,394,290,104
060816041032,417,304,113
060816041041,361,254,107
060816041042,298,225,73
060816042001,213,161,52
060816042002,204,155,49
060816042003,438,329,109
060816044001,482,328,154
060816044002,396,269,127
060816044003,496,333,163
060816045001,772,517,255
060816045002,557,370,187
060816046001,606,401,205
060816046002,596,382,214
060816047001,732,465,267
060816047002,357,226,131
060816048001,591,418,173
060816048002,441,301,140
060816048003,528,371,157
060816049001,676,443,233
060816049002,445,291,154
060816050001,612,450,162
060816050002,354,263,91
060816050003,1349,923,426
060816050004,407,264,143
060816050005,357,232,125
060816051001,665,491,174
060816051002,455,337,118
060816052001,456,341,115
060816052002,433,333,100
060816052003,356,274,82
060816052004,448,340,108
060816053001,584,438,146
060816053002,596,446,150
060816053003,466,347,119
060816053004,365,271,94
060816054001,299,215,84
060816054002,437,315,122
060816054003,556,401,155
060816054004,435,340,95
060816054005,552,434,118
060816055011,506,384,122
060816055012,480,364,116
060816055021,334,253,81
060816055022,622,472,150
060816056001,403,223,180
060816056002,480,275,205
060816056003,541,331,210
060816056004,1150,685,465
060816057001,567,341,226
060816057002,612,373,239
060816057003,657,417,240
060816057004,630,391,239
060816058001,429,302,127
060816058002,469,330,139
060816058003,378,267,111
060816059011,345,243,102
060816059012,398,294,104
060816059013,253,185,68
060816059021,249,190,59
060816059022,549,423,126
060816060001,446,359,87
060816060002,460,370,90
060816060003,229,175,54
060816061001,522,398,124
060816061002,336,259,77
060816061003,224,173,51
060816062011,274,215,59
060816062012,405,321,84
060816062021,453,361,92
060816062022,349,284,65
060816063001,696,549,147
060816063002,391,315,76
060816063003,398,324,74
060816064001,423,316,107
060816064002,353,264,89
060816064003,459,367,92
060816064004,385,288,97
060816064005,306,229,77
060816065001,411,298,113
060816065002,473,370,103
060816065003,457,333,124
060816065004,525,380,145
060816066001,486,385,101
060816066002,514,396,118
060816066003,431,324,107
060816067001,454,330,124
060816067002,764,567,197
060816068001,770,578,192
060816068002,885,647,238
060816069001,463,348,115
060816069002,689,541,148
060816070001,306,209,97
060816070002,1164,791,373
060816071001,352,255,97
060816071002,538,406,132
060816071003,521,379,142
060816072001,432,328,104
060816072002,640,485,155
060816073001,616,448,168
060816073002,728,546,182
060816073003,359,261,98
060816074001,810,607,203
060816074002,291,217,74
060816074003,630,467,163
060816075001,1091,891,200
060816075002,653,517,136
060816076001,389,308,81
060816076002,232,184,48
060816076003,396,314,82
060816076004,405,321,84
060816077011,347,267,80
060816077012,608,468,140
060816077021,431,314,117
060816077022,406,296,110
060816078001,537,393,144
060816078002,508,371,137
060816079001,407,300,107
060816079002,262,194,68
060816079003,480,353,127
060816080011,753,543,210
060816080012,267,191,76
060816080021,673,489,184
060816080022,340,253,87
060816080023,329,245,84
060816080131,862,632,230
060816080132,306,217,89
060816080133,246,175,71
060816080231,355,260,95
060816080232,650,463,187
060816080241,722,526,196
060816080242,343,260,83
060816080251,488,370,118
060816080252,356,259,97
060816080253,471,356,115
060816081001,481,349,132
060816081002,753,542,211
060816082001,657,480,177
060816082002,682,500,182
060816083001,679,481,198
060816083002,439,312,127
060816084001,687,509,178
060816084002,378,289,89
060816084003,230,176,54
060816085011,343,281,62
060816085012,654,470,184
060816085013,407,302,105
060816085014,338,277,61
060816085021,505,362,143
060816085022,398,280,118
060816086001,369,289,80
060816086002,390,296,94
060816086003,538,422,116
060816087001,930,725,205
060816087002,553,423,130
060816087003,289,225,64
060816087004,529,411,118
060816087005,760,591,169
060816088001,554,421,133
060816088002,596,453,143
060816088003,406,307,99
060816088004,578,438,140
060816088005,858,654,204
060816089001,650,483,167
060816089002,462,375,87
060816089003,937,716,221
060816089004,391,291,100
060816090001,511,400,111
060816090002,659,503,156
060816091001,282,213,69
060816091002,356,276,80
060816092011,547,428,119
060816092012,527,419,108
060816092013,703,548,155
060816092021,852,681,171
060816092022,440,347,93
060816092023,439,351,88
060816093001,690,539,151
060816093002,1076,842,234
060816094001,837,656,181
060816094002,880,674,206
060816095001,1083,834,249
060816095002,1412,1094,318
060816096011,1458,1118,340
060816096021,830,624,206
060816096031,749,561,188
060816096032,776,558,218
060816096033,854,594,260
060816096034,433,322,111
060816097001,1071,785,286
060816097002,1285,917,368
060816098001,364,285,79
060816098002,823,611,212
060816098003,338,259,79
060816098004,677,508,169
060816099001,598,462,136
060816099002,968,743,225
060816100001,861,691,170
060816100002,573,439,134
060816100003,537,415,122
060816101001,463,376,87
060816101002,269,218,51
060816102011,98,78,20
060816102012,304,247,57
060816102013,132,107,25
060816102014,217,169,48
060816102021,532,456,76
060816102022,669,548,121
060816102031,128,104,24
060816102032,242,197,45
060816103021,392,284,108
060816103022,477,403,74
060816103031,580,426,154
060816103032,726,529,197
060816103033,735,544,191
060816103034,453,329,124
060816103035,297,219,78
060816103041,673,490,183
060816103042,638,475,163
060816103043,343,256,87
060816104001,451,363,88
060816104002,262,211,51
060816104003,349,281,68
060816105001,146,117,29
060816105002,224,179,45
060816105003,121,96,25
060816105004,268,214,54
060816106011,187,155,32
060816106012,324,264,60
060816106013,172,143,29
060816106021,352,287,65
060816106022,355,291,64
060816106023,430,354,76
060816107001,300,240,60
060816107002,298,241,57
060816107003,299,239,60
060816107004,600,479,121
060816108001,480,384,96
060816108002,87,71,16
060816108003,134,108,26
060816109011,464,382,82
060816109012,205,169,36
060816109021,412,335,77
060816109022,483,385,98
060816110001,464,363,101
060816110002,489,372,117
060816110003,438,326,112
060816110004,717,548,169
060816111001,1398,1028,370
060816111002,1057,800,257
060816111003,651,471,180
060816112001,551,424,127
060816112002,785,603,182
060816113001,553,396,157
060816113002,749,525,224
060816113003,330,236,94
060816113004,465,374,91
060816114001,359,234,125
060816114002,286,174,112
060816114003,602,367,235
060816114004,574,329,245
060816115001,356,233,123
060816115002,506,327,179
060816115003,465,303,162
060816116001,496,413,83
060816116002,640,518,122
060816117001,386,325,61
060816117002,380,321,59
060816117003,260,219,41
060816117004,93,77,16
060816118001,309,270,39
060816118002,407,355,52
060816119011,190,163,27
060816119012,315,260,55
060816119013,105,87,18
060816119021,353,296,57
060816119022,243,210,33
060816119023,177,152,25
060816119024,317,269,48
060816120011,290,253,37
060816120012,224,197,27
060816120021,192,163,29
060816120022,201,169,32
060816121011,402,345,57
060816121012,245,197,48
060816121013,51,41,10
060816121021,172,147,25
060816121022,223,184,39
060816125001,468,378,90
060816125002,471,379,92
060816125003,800,649,151
060816126001,473,378,95
060816126002,443,356,87
060816126003,391,315,76
060816126004,500,401,99
060816127001,461,369,92
060816127002,700,531,169
060816128001,981,762,219
060816128002,714,556,158
060816129001,825,664,161
060816129002,376,296,80
060816129003,420,347,73
060816129004,486,374,112
060816130001,755,580,175
060816130002,770,599,171
060816132001,823,665,158
060816132002,1014,726,288
060816132003,471,326,145
060816132004,1661,1298,363
060816133001,905,570,335
060816133002,647,449,198
060816134001,566,385,181
060816134002,380,260,120
060816134003,662,483,179
060816135011,686,507,179
060816135012,864,623,241
060816135021,1043,806,237
060816135022,582,448,134
060816135023,830,646,184
060816135024,644,497,147
060816136001,778,601,177
060816136002,438,335,103
060816136003,254,195,59
060816136004,338,271,67
060816136005,1017,817,200
060816137011,1125,861,264
060816137012,1158,822,336
060816137021,431,305,126
060816137022,388,259,129
060816137023,609,458,151
060816137024,228,171,57
060816138001,282,209,73
060816138002,345,220,125
060816138003,512,373,139
060816138004,495,369,126
060816139001,336,287,49
060816139002,399,344,55
060816139003,560,481,79
060816139004,376,308,68
060816139005,898,735,163
060816140001,624,441,183
060816140002,365,257,108
060816140003,435,308,127
060816140004,559,397,162
060830001011,776,539,237
060830001012,588,394,194
060830001013,658,442,216
060830001014,615,426,189
060830001021,819,587,232
060830001022,211,144,67
060830001023,490,361,129
060830001024,641,481,160
060830001031,616,366,250
060830001032,936,642,294
060830001033,473,281,192
060830002011,412,297,115
060830002012,719,503,216
060830002021,411,289,122
060830002022,685,497,188
060830003011,231,191,40
060830003012,360,298,62
060830003013,298,247,51
060830003021,264,209,55
060830003022,235,187,48
060830003023,430,343,87
060830003024,194,155,39
060830003025,214,171,43
060830004001,615,466,149
060830004002,366,271,95
060830004003,388,306,82
060830004004,500,394,106
060830004005,578,459,119
060830005011,781,589,192
060830005012,755,559,196
060830005013,504,394,110
060830005021,553,419,134
060830005022,422,307,115
060830005023,348,248,100
060830005024,556,397,159
060830005025,437,302,135
060830005026,881,678,203
060830006001,357,261,96
060830006002,462,343,119
060830006003,523,394,129
060830006004,345,278,67
060830006005,579,433,146
060830006006,237,195,42
060830007001,647,426,221
060830007002,726,488,238
060830007003,501,330,171
060830007004,892,616,276
060830008011,219,167,52
060830008012,385,326,59
060830008013,328,277,51
060830008051,336,232,104
060830008061,237,201,36
060830008062,314,266,48
060830008063,267,219,48
060830008064,245,208,37
060830009001,517,406,111
060830009002,441,358,83
060830009003,156,121,35
060830010011,314,256,58
060830010012,439,351,88
060830010021,300,249,51
060830010022,250,199,51
060830010023,402,321,81
060830011011,365,288,77
060830011012,281,230,51
060830011013,291,239,52
060830011014,379,311,68
060830011021,408,334,74
060830011022,333,273,60
060830011023,131,106,25
060830012031,276,210,66
060830012032,1034,747,287
060830012061,357,260,97
060830012062,210,169,41
060830012063,222,179,43
060830012081,268,190,78
060830012082,420,301,119
060830012083,351,255,96
060830012084,362,263,99
060830012085,362,257,105
060830013061,778,547,231
060830013062,551,387,164
060830013063,396,276,120
060830013071,250,191,59
060830013072,226,167,59
060830013073,461,337,124
060830013074,620,450,170
060830013081,369,268,101
060830013082,347,252,95
060830013083,376,271,105
060830013084,375,272,103
060830013085,436,348,88
060830014031,769,461,308
060830014041,629,377,252
060830014042,368,225,143
060830015001,577,354,223
060830015002,441,263,178
060830015003,480,288,192
060830016011,388,233,155
060830016012,1022,649,373
060830016013,912,573,339
060830016041,364,259,105
060830016042,228,164,64
060830016043,351,255,96
060830016044,858,578,280
060830017041,636,424,212
060830017042,422,311,111
060830017061,804,482,322
060830017062,491,315,176
060830017063,313,205,108
060830017064,339,228,111
060830017065,357,236,121
060830018001,305,88,217
060830019051,619,257,362
060830019052,372,183,189
060830019053,449,193,256
060830019071,378,204,174
060830019081,920,379,541
060830019082,596,248,348
060830019083,567,250,317
060830019084,571,280,291
060830019091,447,194,253
060830019092,1218,570,648
060830019101,476,251,225
060830019102,485,210,275
060830019103,368,184,184
060830019111,462,170,292
060830019112,559,273,286
060830019121,924,438,486
060830019122,832,421,411
060830019123,507,251,256
060830020051,309,93,216
060830020052,735,256,479
060830020053,888,298,590
060830020054,550,167,383
060830020061,841,256,585
060830020062,509,137,372
060830020081,757,322,435
060830020082,598,196,402
060830020083,417,141,276
060830020084,626,189,437
060830020091,692,238,454
060830020092,449,154,295
060830020093,490,169,321
060830020101,904,298,606
060830020102,412,137,275
060830020103,341,104,237
060830020104,330,109,221
060830020111,953,320,633
060830020112,329,133,196
060830020113,235,129,106
060830020121,612,188,424
060830020122,500,155,345
060830020123,366,120,246
060830020131,635,198,437
060830020132,774,238,536
060830020141,564,229,335
060830020142,674,274,400
060830020143,535,201,334
060830020151,405,144,261
060830020152,302,114,188
060830020153,428,162,266
060830020154,499,190,309
060830021011,388,199,189
060830021012,256,131,125
060830021021,322,179,143
060830021022,220,123,97
060830021031,96,54,42
060830021032,395,199,196
060830021033,306,139,167
060830022051,177,92,85
060830022052,234,114,120
060830022053,115,59,56
060830022061,392,187,205
060830022062,187,106,81
060830022063,152,86,66
060830022091,267,128,139
060830022092,208,99,109
060830022101,570,260,310
060830022102,363,164,199
060830022103,335,153,182
060830022111,443,165,278
060830022112,743,276,467
060830022113,586,219,367
060830022114,292,112,180
060830023031,111,70,41
060830023032,117,72,45
060830023033,91,57,34
060830023034,90,56,34
060830023035,104,65,39
060830023041,40,25,15
060830023042,69,44,25
060830023043,135,85,50
060830023044,101,63,38
060830023071,286,146,140
060830023072,298,163,135
060830023073,214,112,102
060830023081,564,314,250
060830023082,260,146,114
060830023091,174,93,81
060830023092,164,97,67
060830023101,158,96,62
060830023102,141,89,52
060830024051,123,79,44
060830024052,127,79,48
060830024061,41,30,11
060830024062,47,28,19
060830024071,106,68,38
060830024072,55,39,16
060830024081,118,81,37
060830024091,351,202,149
060830024092,463,248,215
060830024093,762,392,370
060830024101,213,110,103
060830024102,38,21,17
060830024103,237,142,95
060830025031,437,251,186
060830025041,207,134,73
060830025042,267,155,112
060830025043,411,254,157
060830027031,503,245,258
060830027032,539,262,277
060830027051,286,140,146
060830027052,284,164,120
060830027053,238,123,115
060830027061,320,152,168
060830027062,203,101,102
060830027063,212,105,107
060830027064,149,74,75
060830027065,29,22,7
060830027071,186,88,98
060830027072,228,106,122
060830027073,308,146,162
060830027081,212,103,109
060830027082,353,172,181
060830027083,276,131,145
060830027091,301,159,142
060830027092,184,97,87
060830027101,111,64,47
060830027102,115,66,49
060830027103,214,116,98
060830028021,559,240,319
060830028022,514,239,275
060830028023,400,206,194
060830028024,645,307,338
060830028061,546,253,293
060830028062,226,114,112
060830028081,437,178,259
060830028082,579,231,348
060830028083,450,179,271
060830028084,909,400,509
060830028085,855,337,518
060830028091,377,122,255
060830028092,433,173,260
060830028093,365,142,223
060830028094,748,298,450
060830029061,434,274,160
060830029062,891,539,352
060830029063,767,483,284
060830029071,984,615,369
060830029072,756,463,293
060830029073,503,309,194
060830029091,849,563,286
060830029092,667,434,233
060830029093,883,571,312
060830029131,1188,785,403
060830029132,912,602,310
060830029141,360,233,127
060830029142,523,338,185
060830029143,850,548,302
060830029241,290,268,22
060830029242,251,232,19
060830029243,154,140,14
060830029244,157,143,14
060830029261,184,159,25
060830029262,241,208,33
060830029263,218,191,27
060830029321,145,86,59
060830029322,880,546,334
060830029331,482,387,95
060830029332,237,220,17
060830029333,304,213,91
060830029334,212,201,11
060830029341,489,353,136
060830029342,727,549,178
060830029351,621,470,151
060830029352,500,352,148
060830029361,393,347,46
060830029362,147,129,18
060830029371,121,111,10
060830029372,798,622,176
060830030011,315,242,73
060830030012,533,355,178
060830030013,242,187,55
060830030014,348,268,80
060830030015,137,105,32
060830030041,551,391,160
060830030042,816,560,256
060830030043,645,442,203
060830030051,425,280,145
060830030052,806,483,323
060830030053,781,537,244
060830030071,597,356,241
060830030072,614,385,229
060830030073,819,520,299
060830031021,295,118,177
060830031022,368,177,191
060830031023,506,235,271
060839800001,7,4,3
060839801001,2,1,1
060839802001,82,42,40
060839803001,771,726,45
060839804001,54,23,31
060839805001,4,1,3
060855001001,146,108,38
060855001002,308,236,72
060855001003,314,251,63
060855001004,803,669,134
060855002001,387,326,61
060855002002,24,20,4
060855002003,393,325,68
060855002004,623,518,105
060855003001,606,510,96
060855003002,584,504,80
060855004001,377,288,89
060855004002,508,385,123
060855005001,604,461,143
060855005002,799,639,160
060855005003,291,222,69
060855005004,458,349,109
060855005005,343,257,86
060855006001,508,399,109
060855006002,487,370,117
060855006003,545,455,90
060855006004,362,277,85
060855008001,383,305,78
060855008002,372,302,70
060855008003,407,333,74
060855009011,266,203,63
060855009012,401,323,78
060855009013,263,219,44
060855009021,99,83,16
060855009022,140,118,22
060855010001,274,218,56
060855010002,216,177,39
060855010003,200,162,38
060855010004,202,154,48
060855010005,148,113,35
060855011011,552,454,98
060855011012,627,514,113
060855011021,438,351,87
060855011022,444,363,81
060855011023,387,312,75
060855012001,163,132,31
060855012002,268,219,49
060855012003,201,166,35
060855012004,306,252,54
060855013001,399,336,63
060855013002,232,193,39
060855013003,502,426,76
060855014011,245,186,59
060855014012,148,112,36
060855014021,199,150,49
060855014022,272,211,61
060855015011,365,269,96
060855015012,203,158,45
060855015021,290,230,60
060855015022,143,105,38
060855015023,211,164,47
060855016011,241,190,51
060855016012,554,469,85
060855016021,103,87,16
060855016022,137,115,22
060855016023,218,183,35
060855017001,266,219,47
060855017002,83,67,16
060855017003,189,153,36
060855017004,174,142,32
060855018001,290,220,70
060855018002,379,301,78
060855018003,458,363,95
060855018004,563,445,118
060855019011,789,657,132
060855019021,404,334,70
060855019022,430,335,95
060855020011,237,183,54
060855020012,180,136,44
060855020013,418,324,94
060855020014,443,343,100
060855020021,142,111,31
060855020022,235,182,53
060855020023,440,340,100
060855021011,350,265,85
060855021012,354,247,107
060855021013,1008,707,301
060855021031,262,197,65
060855021032,581,435,146
060855021041,330,255,75
060855021042,162,125,37
060855022021,419,325,94
060855022022,393,269,124
060855022023,263,179,84
060855022031,571,436,135
060855022032,451,365,86
060855022041,382,296,86
060855022042,149,115,34
060855023011,677,466,211
060855023012,833,620,213
060855023021,556,402,154
060855023022,470,357,113
060855024001,401,280,121
060855024002,380,289,91
060855024003,356,276,80
060855024004,508,393,115
060855024005,680,510,170
060855024006,687,542,145
060855024007,359,284,75
060855025001,398,304,94
060855025002,487,355,132
060855025003,541,399,142
060855025004,580,410,170
060855025005,351,255,96
060855025006,678,469,209
060855026011,371,253,118
060855026012,480,280,200
060855026013,609,422,187
060855026031,279,195,84
060855026032,368,265,103
060855026033,492,358,134
060855026041,392,281,111
060855026042,327,238,89
060855026043,685,501,184
060855027011,631,418,213
060855027012,596,401,195
060855027013,455,303,152
060855027031,416,283,133
060855027032,431,293,138
060855027033,651,445,206
060855027041,354,243,111
060855027042,492,310,182
060855027043,600,411,189
060855028001,555,348,207
060855028002,543,360,183
060855028003,457,289,168
060855029011,509,354,155
060855029012,650,459,191
060855029013,458,325,133
060855029014,644,449,195
060855029021,1181,814,367
060855029022,1130,837,293
060855029023,1050,755,295
060855029031,1135,781,354
060855029032,648,450,198
060855029033,682,466,216
060855029061,336,237,99
060855029062,638,423,215
060855029063,534,358,176
060855029071,767,527,240
060855029072,807,543,264
060855029081,678,471,207
060855029082,996,655,341
060855029083,639,435,204
060855029091,362,253,109
060855029092,283,194,89
060855029093,478,327,151
060855029094,310,212,98
060855029101,313,216,97
060855029102,293,188,105
060855029103,196,126,70
060855029104,286,196,90
060855030011,620,448,172
060855030012,513,353,160
060855030013,969,665,304
060855030021,555,392,163
060855030022,918,630,288
060855030031,836,532,304
060855030032,587,365,222
060855030033,690,438,252
060855031051,451,274,177
060855031101,203,132,71
060855031102,142,93,49
060855031103,87,57,30
060855031111,142,93,49
060855031112,323,181,142
060855031113,436,275,161
060855031121,249,188,61
060855031122,230,173,57
060855031123,222,173,49
060855031131,430,336,94
060855031132,301,236,65
060855031161,560,358,202
060855031162,373,239,134
060855031163,347,222,125
060855031171,225,135,90
060855031172,243,146,97
060855031181,270,170,100
060855031182,231,146,85
060855031183,229,149,80
060855031211,199,137,62
060855031212,388,299,89
060855031213,198,146,52
060855031221,454,276,178
060855031222,232,150,82
060855031231,453,339,114
060855031232,315,240,75
060855031241,515,366,149
060855031242,193,131,62
060855031243,158,114,44
060855031251,660,449,211
060855031252,345,246,99
060855031261,901,618,283
060855031271,697,487,210
060855031272,616,427,189
060855032071,731,409,322
060855032072,424,228,196
060855032081,362,249,113
060855032082,415,264,151
060855032101,512,291,221
060855032102,411,242,169
060855032111,596,385,211
060855032112,555,343,212
060855032121,424,262,162
060855032122,349,213,136
060855032123,261,149,112
060855032131,363,213,150
060855032132,551,330,221
060855032171,241,172,69
060855032172,230,165,65
060855032173,206,147,59
060855032181,239,167,72
060855032182,145,101,44
060855032183,239,166,73
060855032191,280,166,114
060855032192,239,154,85
060855032201,305,211,94
060855032202,525,361,164
060855032203,157,108,49
060855032211,238,142,96
060855032212,355,212,143
060855032221,455,274,181
060855032222,287,178,109
060855033041,265,192,73
060855033042,312,221,91
060855033043,423,246,177
060855033044,235,136,99
060855033051,341,228,113
060855033052,498,361,137
060855033053,443,286,157
060855033061,228,158,70
060855033062,284,201,83
060855033063,207,150,57
060855033121,180,130,50
060855033122,590,360,230
060855033123,206,151,55
060855033131,536,365,171
060855033132,608,415,193
060855033133,488,333,155
060855033151,561,363,198
060855033152,358,233,125
060855033153,382,251,131
060855033154,451,305,146
060855033211,535,345,190
060855033212,725,467,258
060855033221,348,239,109
060855033222,452,299,153
060855033223,349,231,118
060855033231,657,441,216
060855033232,717,451,266
060855033241,591,411,180
060855033242,460,324,136
060855033251,603,415,188
060855033252,597,409,188
060855033261,576,391,185
060855033262,859,568,291
060855033263,643,400,243
060855033271,453,311,142
060855033272,474,326,148
060855033273,464,322,142
060855033291,603,410,193
060855033292,578,398,180
060855033301,781,575,206
060855033302,517,376,141
060855033303,634,436,198
060855033304,585,423,162
060855033311,1102,755,347
060855033312,423,288,135
060855033321,943,649,294
060855033322,432,299,133
060855033323,476,328,148
060855033324,1416,976,440
060855033331,488,325,163
060855033332,843,563,280
060855033361,294,195,99
060855033362,504,336,168
060855033371,516,349,167
060855033372,373,253,120
060855033381,633,407,226
060855033382,800,507,293
060855033391,725,481,244
060855033392,806,497,309
060855034011,238,179,59
060855034012,252,190,62
060855034013,288,217,71
060855034021,258,194,64
060855034022,83,66,17
060855034023,249,144,105
060855035041,198,155,43
060855035042,237,187,50
060855035043,207,163,44
060855035044,289,214,75
060855035061,400,291,109
060855035062,301,218,83
060855035063,261,190,71
060855035071,314,229,85
060855035081,344,266,78
060855035082,266,207,59
060855035083,302,232,70
060855035091,334,249,85
060855035092,486,340,146
060855035101,322,230,92
060855035102,282,201,81
060855035103,332,239,93
060855035111,341,242,99
060855035112,405,292,113
060855036011,155,119,36
060855036012,322,244,78
060855036021,212,164,48
060855036022,345,236,109
060855036023,175,114,61
060855037031,229,171,58
060855037032,367,275,92
060855037071,223,151,72
060855037072,403,272,131
060855037073,218,167,51
060855037081,662,428,234
060855037091,533,368,165
060855037092,255,163,92
060855037093,312,194,118
060855037101,223,161,62
060855037102,226,163,63
060855037111,148,106,42
060855037112,262,189,73
060855037113,190,137,53
060855037121,130,90,40
060855037122,155,107,48
060855037123,252,178,74
060855037131,293,203,90
060855037132,134,93,41
060855038021,418,281,137
060855038022,528,376,152
060855038023,555,374,181
060855038024,529,370,159
060855038031,591,383,208
060855038032,266,186,80
060855038033,322,212,110
060855038041,595,403,192
060855038042,225,146,79
060855038043,433,293,140
060855039021,321,239,82
060855039022,164,122,42
060855039023,254,185,69
060855039024,238,180,58
060855039031,407,282,125
060855039032,224,156,68
060855040011,273,202,71
060855040012,354,262,92
060855040013,294,204,90
060855040021,387,284,103
060855040022,181,134,47
060855040023,287,209,78
060855041011,290,205,85
060855041012,297,214,83
060855041013,261,187,74
060855041021,536,349,187
060855041022,229,171,58
060855041023,261,193,68
060855042011,960,592,368
060855042012,466,310,156
060855042013,513,341,172
060855042021,546,364,182
060855042022,770,498,272
060855042023,559,351,208
060855043071,714,439,275
060855043072,771,512,259
060855043081,644,411,233
060855043082,525,338,187
060855043083,496,318,178
060855043111,566,373,193
060855043112,343,246,97
060855043113,431,297,134
060855043114,429,299,130
060855043141,398,242,156
060855043142,327,199,128
060855043143,264,163,101
060855043144,374,231,143
060855043151,422,260,162
060855043152,273,167,106
060855043153,473,290,183
060855043154,341,211,130
060855043155,365,227,138
060855043161,618,403,215
060855043162,560,369,191
060855043171,671,411,260
060855043172,474,313,161
060855043181,398,239,159
060855043182,259,153,106
060855043183,460,302,158
060855043191,573,382,191
060855043192,626,432,194
060855043193,244,172,72
060855043194,417,276,141
060855043201,542,339,203
060855043202,297,189,108
060855043211,606,387,219
060855043212,345,223,122
060855043213,377,251,126
060855043221,256,180,76
060855043222,299,213,86
060855043223,299,215,84
060855043231,397,263,134
060855043232,510,336,174
060855043233,306,192,114
060855044101,509,327,182
060855044102,521,347,174
060855044111,777,505,272
060855044112,631,405,226
060855044121,287,188,99
060855044122,203,132,71
060855044123,194,127,67
060855044124,232,152,80
060855044131,450,308,142
060855044141,799,522,277
060855044142,422,289,133
060855044143,410,274,136
060855044151,585,387,198
060855044152,483,311,172
060855044153,497,331,166
060855044161,570,366,204
060855044162,433,280,153
060855044181,317,208,109
060855044182,500,325,175
060855044183,169,108,61
060855044211,404,270,134
060855044212,531,350,181
060855044213,489,309,180
060855044221,482,317,165
060855044222,497,337,160
060855044231,682,453,229
060855044241,332,205,127
060855044242,524,335,189
060855044243,448,287,161
060855044244,274,175,99
060855045051,207,144,63
060855045052,567,403,164
060855045053,251,177,74
060855045054,623,447,176
060855045061,312,222,90
060855045062,160,114,46
060855045063,465,301,164
060855045064,372,246,126
060855045071,299,210,89
060855045072,424,297,127
060855045073,362,252,110
060855045074,447,302,145
060855045081,22,15,7
060855045082,466,315,151
060855045091,626,440,186
060855045101,326,227,99
060855045102,277,192,85
060855046011,263,209,54
060855046021,432,296,136
060855047001,97,73,24
060855048021,480,333,147
060855048022,360,265,95
060855048023,454,334,120
060855048051,757,526,231
060855048052,643,464,179
060855048053,591,441,150
060855048061,315,225,90
060855048062,415,295,120
060855048071,315,235,80
060855048072,649,494,155
060855048073,123,96,27
060855048081,348,255,93
060855049021,141,105,36
060855049022,445,331,114
060855049023,247,184,63
060855049031,128,95,33
060855049032,520,385,135
060855049033,172,128,44
060855050061,422,304,118
060855050062,248,191,57
060855050063,282,217,65
060855050064,166,128,38
060855050065,187,136,51
060855050071,393,236,157
060855050072,258,155,103
060855050073,328,197,131
060855050101,418,310,108
060855050102,539,402,137
060855050103,203,161,42
060855050111,457,339,118
060855050112,375,278,97
060855050113,171,127,44
060855050121,179,148,31
060855050131,110,88,22
060855050132,190,151,39
060855050133,73,59,14
060855050141,311,256,55
060855050142,278,198,80
060855050143,354,289,65
060855050151,421,320,101
060855050152,282,200,82
060855051001,368,292,76
060855051002,32,24,8
060855051003,495,393,102
060855051004,63,48,15
060855052021,393,292,101
060855052022,563,439,124
060855052023,321,236,85
060855052024,263,193,70
060855052031,569,433,136
060855052032,315,238,77
060855053011,344,251,93
060855053012,441,321,120
060855053013,404,296,108
060855053021,829,604,225
060855053022,511,328,183
060855053031,326,242,84
060855053032,398,297,101
060855053033,232,172,60
060855053034,344,255,89
060855053041,294,213,81
060855053042,246,178,68
060855053043,526,378,148
060855053051,355,255,100
060855053052,277,201,76
060855053053,432,303,129
060855053054,454,329,125
060855054011,366,251,115
060855054012,265,192,73
060855054013,246,174,72
060855054014,216,156,60
060855054015,128,91,37
060855054021,310,209,101
060855054022,559,380,179
060855054031,666,469,197
060855054032,457,332,125
060855054033,578,421,157
060855055001,306,214,92
060855055002,537,374,163
060855055003,493,351,142
060855056001,374,287,87
060855056002,245,181,64
060855056003,298,220,78
060855057001,271,195,76
060855057002,350,257,93
060855057003,485,378,107
060855057004,488,380,108
060855058001,377,278,99
060855058002,297,215,82
060855058003,393,288,105
060855058004,471,345,126
060855059011,438,313,125
060855059012,356,256,100
060855059013,308,218,90
060855059021,609,427,182
060855059022,567,403,164
060855060001,389,274,115
060855060002,316,226,90
060855060003,623,449,174
060855060004,263,188,75
060855061011,463,334,129
060855061012,636,468,168
060855061013,550,417,133
060855061021,609,434,175
060855061022,809,562,247
060855061031,497,341,156
060855061032,333,232,101
060855061033,338,238,100
060855061034,369,257,112
060855062021,690,514,176
060855062022,680,489,191
060855062023,289,209,80
060855062024,692,500,192
060855062031,217,161,56
060855062032,174,129,45
060855062033,215,160,55
060855062034,343,253,90
060855062041,626,444,182
060855062042,291,193,98
060855062043,334,221,113
060855062044,502,352,150
060855063011,243,186,57
060855063012,361,276,85
060855063013,325,242,83
060855063014,279,193,86
060855063021,806,566,240
060855063022,667,427,240
060855063023,346,211,135
060855063024,249,167,82
060855063041,432,325,107
060855063042,168,126,42
060855063043,325,245,80
060855063051,177,123,54
060855063052,336,234,102
060855063053,384,251,133
060855063054,285,199,86
060855064011,120,82,38
060855064012,303,220,83
060855064013,427,310,117
060855064014,414,286,128
060855064021,369,255,114
060855064022,279,208,71
060855064023,263,197,66
060855064024,291,210,81
060855064025,244,185,59
060855065021,610,454,156
060855065022,397,294,103
060855065023,823,600,223
060855065031,793,578,215
060855065032,708,495,213
060855065033,482,326,156
060855065041,118,88,30
060855065042,93,70,23
060855065051,250,185,65
060855065052,592,426,166
060855066011,511,357,154
060855066012,350,250,100
060855066013,471,328,143
060855066031,402,281,121
060855066032,732,502,230
060855066033,457,324,133
060855066041,258,182,76
060855066042,642,437,205
060855066043,604,410,194
060855066044,621,420,201
060855066045,591,402,189
060855066051,647,443,204
060855066052,530,353,177
060855066061,210,152,58
060855066062,706,505,201
060855066063,407,287,120
060855067011,241,156,85
060855067012,629,433,196
060855067013,656,451,205
060855067021,768,532,236
060855067022,748,514,234
060855067023,335,226,109
060855067031,735,504,231
060855067032,318,229,89
060855067033,280,200,80
060855068011,865,587,278
060855068012,640,423,217
060855068013,807,574,233
060855068014,366,248,118
060855068021,578,394,184
060855068022,475,327,148
060855068023,325,228,97
060855068024,227,158,69
060855068025,398,280,118
060855068031,670,443,227
060855068032,462,326,136
060855068033,859,583,276
060855068034,371,262,109
060855068041,287,189,98
060855068042,462,320,142
060855068043,535,364,171
060855068044,280,195,85
060855069001,474,318,156
060855069002,858,557,301
060855069003,1006,666,340
060855069004,1144,781,363
060855070021,1011,696,315
060855070022,473,330,143
060855070031,489,353,136
060855070032,904,549,355
060855070041,871,573,298
060855070042,695,492,203
060855070043,368,265,103
060855071001,416,290,126
060855071002,710,503,207
060855072031,454,302,152
060855072032,587,394,193
060855072051,286,196,90
060855072052,882,604,278
060855072053,672,455,217
060855072054,399,272,127
060855072061,775,472,303
060855072062,714,446,268
060855073011,354,232,122
060855073012,638,411,227
060855073013,429,266,163
060855073014,355,222,133
060855073015,804,502,302
060855073016,697,439,258
060855073021,805,499,306
060855073022,417,254,163
060855074011,481,339,142
060855074012,541,378,163
060855074013,677,467,210
060855074014,520,357,163
060855074015,360,237,123
060855074021,644,425,219
060855074022,572,378,194
060855074023,634,415,219
060855075001,833,532,301
060855075002,642,416,226
060855075003,597,400,197
060855075004,641,417,224
060855076001,397,251,146
060855076002,582,402,180
060855076003,916,599,317
060855076004,852,536,316
060855077011,444,309,135
060855077012,679,480,199
060855077013,448,304,144
060855077021,874,612,262
060855077022,733,511,222
060855077023,1078,745,333
060855077041,426,324,102
060855077042,857,610,247
060855077051,755,546,209
060855077052,421,318,103
060855077053,439,332,107
060855078051,334,238,96
060855078052,425,301,124
060855078053,196,148,48
060855078054,450,339,111
060855078061,448,340,108
060855078062,283,214,69
060855078063,102,77,25
060855078064,376,285,91
060855078071,479,323,156
060855078072,583,396,187
060855078081,385,265,120
060855078082,512,357,155
060855078083,393,270,123
060855078084,679,452,227
060855079031,632,413,219
060855079032,520,328,192
060855079033,613,383,230
060855079041,786,514,272
060855079042,653,429,224
060855079051,353,216,137
060855079052,526,322,204
060855079053,625,409,216
060855079061,434,266,168
060855079062,416,262,154
060855079063,308,199,109
060855079064,372,243,129
060855080031,300,206,94
060855080032,272,190,82
060855080041,545,372,173
060855080042,495,321,174
060855080043,681,444,237
060855080051,285,200,85
060855080052,441,303,138
060855080053,306,214,92
060855080061,820,576,244
060855080062,457,321,136
060855081011,650,453,197
060855081012,684,490,194
060855081013,648,482,166
060855081021,696,489,207
060855081022,203,147,56
060855082031,447,344,103
060855082032,487,378,109
060855082033,735,567,168
060855082041,470,360,110
060855082042,367,277,90
060855082043,497,369,128
060855082051,445,316,129
060855082052,552,397,155
060855082061,388,279,109
060855082062,511,362,149
060855082063,584,414,170
060855083011,584,423,161
060855083012,567,415,152
060855083013,782,580,202
060855083031,566,416,150
060855083032,566,426,140
060855083051,267,193,74
060855083052,266,196,70
060855083053,365,260,105
060855083061,198,141,57
060855083062,761,543,218
060855084011,277,207,70
060855084012,428,315,113
060855084013,375,276,99
060855084014,381,280,101
060855084015,577,424,153
060855084016,370,276,94
060855084031,334,257,77
060855084032,444,340,104
060855084033,420,322,98
060855084041,628,470,158
060855084042,562,418,144
060855084043,521,383,138
060855084044,446,329,117
060855085031,306,226,80
060855085032,367,280,87
060855085033,371,286,85
060855085034,222,172,50
060855085051,474,358,116
060855085052,345,262,83
060855085053,189,145,44
060855085054,210,160,50
060855085071,240,169,71
060855085072,170,119,51
060855085081,292,219,73
060855085082,411,308,103
060855085083,384,293,91
060855085084,214,162,52
060855085091,80,61,19
060855085092,84,62,22
060855085093,107,79,28
060855085094,271,210,61
060855085101,281,213,68
060855085102,359,273,86
060855086011,254,184,70
060855086012,536,390,146
060855086013,441,316,125
060855086021,434,323,111
060855086022,262,196,66
060855086023,408,331,77
060855086024,231,184,47
060855087051,311,235,76
060855087052,235,191,44
060855087053,321,263,58
060855087061,333,255,78
060855087062,376,284,92
060855087063,310,236,74
060855087071,355,284,71
060855087072,490,380,110
060855087081,793,624,169
060855088001,399,304,95
060855088002,270,208,62
060855089001,324,248,76
060855089002,240,183,57
060855089003,201,153,48
060855089004,198,152,46
060855090011,430,325,105
060855090012,356,269,87
060855090021,453,349,104
060855090022,369,282,87
060855091021,586,468,118
060855091022,206,168,38
060855091023,298,243,55
060855091061,292,228,64
060855091062,281,209,72
060855091063,378,282,96
060855091071,359,281,78
060855091072,111,87,24
060855091073,185,144,41
060855091081,279,221,58
060855091082,191,151,40
060855091083,290,229,61
060855091084,353,278,75
060855091091,732,581,151
060855091092,483,385,98
060855091093,390,310,80
060855091101,474,364,110
060855091102,258,200,58
060855091111,608,479,129
060855091112,583,450,133
060855092011,500,427,73
060855092012,328,275,53
060855092013,335,286,49
060855092014,341,265,76
060855092021,598,463,135
060855092022,318,245,73
060855092023,240,185,55
060855092024,307,238,69
060855093021,721,586,135
060855093022,541,431,110
060855093031,329,269,60
060855093032,271,215,56
060855093033,178,141,37
060855093034,251,197,54
060855093041,448,365,83
060855093042,386,314,72
060855094011,392,310,82
060855094012,268,208,60
060855094013,368,292,76
060855094031,326,256,70
060855094032,191,153,38
060855094033,178,143,35
060855094041,381,302,79
060855094042,265,210,55
060855094043,395,317,78
060855094044,307,243,64
060855095001,396,326,70
060855095002,416,344,72
060855095003,508,423,85
060855096001,372,311,61
060855096002,342,287,55
060855096003,521,438,83
060855097001,446,374,72
060855097002,331,279,52
060855097003,399,336,63
060855098011,517,424,93
060855098012,312,257,55
060855098013,683,563,120
060855098014,731,588,143
060855098021,547,444,103
060855098022,608,494,114
060855099011,622,482,140
060855099012,419,321,98
060855099021,1005,803,202
060855099022,605,461,144
060855099023,683,520,163
060855100011,437,331,106
060855100012,861,652,209
060855100013,623,470,153
060855100014,404,304,100
060855100015,437,328,109
060855100016,338,254,84
060855100021,669,496,173
060855100022,559,409,150
060855100023,629,455,174
060855101001,792,590,202
060855101002,779,587,192
060855102001,884,664,220
060855102002,499,377,122
060855102003,804,601,203
060855103001,812,606,206
060855103002,813,608,205
060855103003,520,387,133
060855104001,745,524,221
060855104002,384,270,114
060855104003,500,367,133
060855105001,526,408,118
060855105002,767,581,186
060855105003,1167,859,308
060855106001,302,258,44
060855106002,884,729,155
060855106003,839,657,182
060855106004,410,320,90
060855107001,304,249,55
060855107002,568,457,111
060855107003,891,695,196
060855108011,782,628,154
060855108012,908,729,179
060855108013,445,346,99
060855108014,399,321,78
060855108021,406,314,92
060855108022,438,339,99
060855108031,549,426,123
060855108032,529,414,115
060855109001,698,552,146
060855109002,749,591,158
060855109003,661,518,143
060855110001,518,397,121
060855110002,572,454,118
060855110003,231,178,53
060855110004,534,411,123
060855110005,576,458,118
060855111001,778,625,153
060855111002,707,588,119
060855111003,585,467,118
060855111004,598,486,112
060855112001,664,552,112
060855112002,721,597,124
060855112003,405,341,64
060855112004,494,415,79
060855113011,627,529,98
060855113012,597,505,92
060855113013,378,316,62
060855113021,481,406,75
060855113022,241,205,36
060855113023,275,231,44
060855113024,446,375,71
060855114001,334,276,58
060855114002,487,392,95
060855114003,353,282,71
060855114004,559,437,122
060855115011,477,407,70
060855115012,714,615,99
060855115013,763,658,105
060855115021,519,478,41
060855115022,728,673,55
060855116081,45,42,3
060855116082,110,99,11
060855116091,912,750,162
060855117011,661,457,204
060855117012,902,584,318
060855117013,496,329,167
060855117021,1046,724,322
060855117022,397,274,123
060855117041,1159,784,375
060855117042,294,203,91
060855117043,874,574,300
060855117051,638,527,111
060855117071,920,685,235
060855117072,667,477,190
060855118001,886,594,292
060855118002,594,419,175
060855118003,519,350,169
060855119051,580,355,225
060855119052,713,451,262
060855119071,587,337,250
060855119072,1059,687,372
060855119101,570,336,234
060855119102,367,211,156
060855119103,628,389,239
060855119111,859,552,307
060855119112,406,231,175
060855119113,910,524,386
060855119121,1040,680,360
060855119122,714,468,246
060855119123,539,353,186
060855119131,613,398,215
060855119132,714,453,261
060855119133,737,497,240
060855119141,610,395,215
060855119142,1278,825,453
060855119143,687,414,273
060855119151,349,232,117
060855119152,159,106,53
060855119153,211,140,71
060855119161,666,454,212
060855119162,1040,680,360
060855119171,906,584,322
060855119172,336,215,121
060855119173,920,577,343
060855119181,372,220,152
060855119182,1151,714,437
060855120011,288,182,106
060855120012,676,432,244
060855120013,441,292,149
060855120014,773,482,291
060855120051,539,349,190
060855120052,313,203,110
060855120053,319,206,113
060855120054,626,405,221
060855120055,750,478,272
060855120191,316,205,111
060855120192,437,306,131
060855120193,544,377,167
060855120211,473,305,168
060855120212,519,348,171
060855120213,417,277,140
060855120214,547,367,180
060855120221,447,300,147
060855120222,495,325,170
060855120223,340,223,117
060855120231,454,323,131
060855120232,381,275,106
060855120233,333,241,92
060855120241,409,289,120
060855120242,455,322,133
060855120243,469,333,136
060855120251,847,542,305
060855120252,402,256,146
060855120261,537,358,179
060855120262,521,349,172
060855120271,417,295,122
060855120272,752,516,236
060855120291,605,414,191
060855120292,689,478,211
060855120293,281,197,84
060855120294,733,513,220
060855120301,771,497,274
060855120302,448,291,157
060855120311,284,186,98
060855120312,482,316,166
060855120313,450,296,154
060855120314,412,270,142
060855120321,461,296,165
060855120322,336,215,121
060855120323,561,381,180
060855120341,877,565,312
060855120342,253,168,85
060855120351,761,495,266
060855120352,793,510,283
060855120361,515,342,173
060855120362,662,439,223
060855120371,701,458,243
060855120372,440,291,149
060855120381,328,230,98
060855120382,388,253,135
060855120391,400,239,161
060855120392,364,217,147
060855120393,499,309,190
060855120421,382,242,140
060855120422,316,207,109
060855120431,414,286,128
060855120432,278,193,85
060855120433,181,126,55
060855120451,688,463,225
060855120452,389,254,135
060855120453,384,243,141
060855120454,660,419,241
060855120471,687,459,228
060855120472,609,402,207
060855120473,623,405,218
060855120521,219,146,73
060855120522,618,415,203
060855120523,311,209,102
060855120531,611,416,195
060855120532,501,334,167
060855120533,316,205,111
060855120541,97,71,26
060855120542,196,144,52
060855120543,226,166,60
060855120551,689,499,190
060855120561,587,403,184
060855120562,292,200,92
060855120571,695,446,249
060855120572,258,177,81
060855120581,295,226,69
060855120582,246,189,57
060855120583,312,239,73
060855120591,448,297,151
060855120592,495,327,168
060855120593,404,268,136
060855120594,680,453,227
060855121001,527,253,274
060855122001,801,386,415
060855122002,609,291,318
060855122003,956,520,436
060855123051,1216,718,498
060855123052,597,320,277
060855123071,575,337,238
060855123072,1178,660,518
060855123073,1254,715,539
060855123081,1337,755,582
060855123082,1278,727,551
060855123083,1113,615,498
060855123091,1025,589,436
060855123092,675,403,272
060855123093,625,350,275
060855123101,993,645,348
060855123102,275,159,116
060855123111,639,399,240
060855123112,711,435,276
060855123121,1464,906,558
060855123131,510,351,159
060855123132,416,250,166
060855123141,837,477,360
060855123142,237,140,97
060855123143,717,442,275
060855123144,308,193,115
060855124011,604,297,307
060855124012,493,274,219
060855124013,451,257,194
060855124021,303,151,152
060855124022,403,207,196
060855124023,619,329,290
060855124024,505,269,236
060855125051,685,478,207
060855125052,579,391,188
060855125053,470,325,145
060855125091,1020,626,394
060855125092,252,162,90
060855125093,445,273,172
060855125101,1316,748,568
060855125102,685,418,267
060855125103,603,371,232
060855125111,523,324,199
060855125112,605,372,233
060855125121,557,342,215
060855125122,390,240,150
060855125131,333,204,129
060855125132,455,326,129
060855125141,297,210,87
060855125142,427,298,129
060855125151,860,512,348
060855125152,732,381,351
060855125153,604,357,247
060855125161,1062,600,462
060855125162,586,330,256
060855126021,344,184,160
060855126022,503,224,279
060855126031,134,90,44
060855126032,137,85,52
060855126033,300,193,107
060855126041,255,180,75
060855126042,397,270,127
060855130001,100,91,9
060855130002,343,313,30
060855130003,94,86,8
060855130004,194,179,15
060855130005,226,206,20
060855130006,216,198,18
060855135001,291,117,174
060871001001,1222,950,272
060871002001,754,659,95
060871002002,1157,989,168
060871002003,1193,996,197
060871003001,1140,944,196
060871003002,887,769,118
060871004001,485,458,27
060871004002,388,375,13
060871005001,1281,1118,163
060871005002,1196,1016,180
060871006001,566,495,71
060871006002,1150,1015,135
060871007001,322,294,28
060871007002,482,423,59
060871008011,697,603,94
060871008012,606,524,82
060871008021,738,637,101
060871008022,670,577,93
060871009001,1005,865,140
060871009002,684,590,94
060871009003,410,355,55
060871010011,590,518,72
060871010012,869,760,109
060871010021,452,394,58
060871010022,397,337,60
060871010023,375,320,55
060871011001,1020,875,145
060871011002,858,749,109
060871011003,943,813,130
060871012001,1328,1129,199
060871012002,150,127,23
060871101011,856,623,233
060871101021,209,167,42
060871101022,835,609,226
060871102011,479,362,117
060871102021,272,197,75
060871102022,447,326,121
060871102023,390,281,109
060871103011,164,131,33
060871103012,189,151,38
060871103021,146,113,33
060871103022,119,92,27
060871104011,142,109,33
060871104012,115,89,26
060871104021,156,115,41
060871104022,430,315,115
060871104023,322,240,82
060871105031,367,270,97
060871105032,292,216,76
060871105041,421,316,105
060871105051,329,257,72
060871105052,263,199,64
060871105061,336,246,90
060871105062,280,218,62
060871106011,484,357,127
060871106012,456,325,131
060871106021,491,365,126
060871107001,548,363,185
060871107002,181,127,54
060871202001,923,728,195
060871202002,575,426,149
060871202003,425,336,89
060871203011,840,613,227
060871203012,994,749,245
060871203013,711,517,194
060871203021,702,510,192
060871203022,794,575,219
060871204001,767,559,208
060871204002,498,363,135
060871204003,500,363,137
060871204004,595,434,161
060871205001,930,679,251
060871205002,801,572,229
060871205003,995,744,251
060871206001,1418,989,429
060871206002,1094,795,299
060871207001,715,441,274
060871207002,963,727,236
060871207003,350,264,86
060871208001,1087,714,373
060871208002,1567,1023,544
060871208003,746,509,237
060871209011,788,536,252
060871209012,672,465,207
060871209021,1048,727,321
060871209022,1529,1059,470
060871210001,898,635,263
060871210002,1031,739,292
060871211001,358,270,88
060871211002,1227,920,307
060871212001,661,483,178
060871212002,1955,1377,578
060871212003,993,673,320
060871213001,389,308,81
060871213002,785,619,166
060871213003,688,509,179
060871214011,431,340,91
060871214012,731,577,154
060871214021,787,621,166
060871214022,857,678,179
060871214031,578,456,122
060871214032,810,635,175
060871215011,334,261,73
060871215012,589,462,127
060871215013,366,287,79
060871215021,774,611,163
060871216011,825,653,172
060871216012,790,623,167
060871216021,444,338,106
060871216022,760,596,164
060871217011,775,583,192
060871217012,646,512,134
060871217013,332,254,78
060871217021,653,508,145
060871217022,752,588,164
060871218011,654,486,168
060871218012,368,274,94
060871218021,657,491,166
060871218022,516,383,133
060871220011,1167,872,295
060871220012,1460,1111,349
060871220021,2022,1421,601
060871220041,975,724,251
060871220042,544,409,135
060871220051,1238,899,339
060871220052,685,529,156
060871221001,757,561,196
060871221002,786,584,202
060871222021,1280,931,349
060871222031,1309,952,357
060871222032,681,496,185
060871222041,567,392,175
060871222042,999,744,255
060871222051,487,353,134
060871222052,536,390,146
060871222053,746,554,192
060871223001,209,145,64
060871223002,418,271,147
060871223003,1060,766,294
060871224011,1310,843,467
060871224021,946,601,345
060871224022,1142,719,423
060871225001,375,266,109
060871225002,189,132,57
060871225003,480,341,139
060871225004,427,303,124
060871231001,455,297,158
060871231002,356,234,122
060871233001,387,256,131
060890101001,218,89,129
060890101002,220,88,132
060890102001,311,128,183
060890102002,376,153,223
060890103001,483,147,336
060890103002,728,218,510
060890104001,273,106,167
060890104002,417,164,253
060890104003,274,91,183
060890104004,508,169,339
060890105001,501,215,286
060890105002,592,216,376
060890105003,437,158,279
060890106011,550,180,370
060890106012,652,217,435
060890106021,368,159,209
060890106022,551,239,312
060890106023,741,260,481
060890106024,742,254,488
060890106031,158,51,107
060890106032,340,107,233
060890107021,828,276,552
060890107022,926,295,631
060890107031,651,221,430
060890107032,480,162,318
060890107041,453,148,305
060890107042,362,106,256
060890107043,536,162,374
060890108031,766,224,542
060890108032,258,77,181
060890108033,997,289,708
060890108041,402,106,296
060890108042,572,167,405
060890108051,305,77,228
060890108052,724,198,526
060890108053,753,223,530
060890108061,684,204,480
060890108062,343,111,232
060890108071,1152,264,888
060890108072,1048,246,802
060890109001,565,179,386
060890109002,622,191,431
060890110011,380,112,268
060890110012,483,141,342
060890110021,548,163,385
060890110022,483,145,338
060890110023,306,89,217
060890110024,628,178,450
060890111001,841,232,609
060890111002,682,187,495
060890112091,417,121,296
060890112092,398,114,284
060890112093,472,146,326
060890112094,257,80,177
060890113001,275,87,188
060890113002,350,111,239
060890113003,398,126,272
060890113004,435,116,319
060890114011,547,153,394
060890114012,504,139,365
060890114013,428,124,304
060890114021,920,240,680
060890114022,650,173,477
060890114031,739,178,561
060890114032,522,144,378
060890115011,521,101,420
060890115012,884,213,671
060890115021,727,150,577
060890115022,447,81,366
060890116001,321,100,221
060890116002,676,166,510
060890116003,323,87,236
060890117011,215,61,154
060890117012,685,198,487
060890117021,257,76,181
060890117022,480,144,336
060890117023,367,108,259
060890117031,323,95,228
060890117032,305,92,213
060890117033,384,119,265
060890118011,684,138,546
060890118012,581,112,469
060890118021,456,92,364
060890118022,840,173,667
060890118031,394,93,301
060890118032,481,118,363
060890118033,349,91,258
060890119001,731,141,590
060890119002,610,127,483
060890119003,528,104,424
060890119004,546,102,444
060890120001,277,58,219
060890120002,372,109,263
060890120003,218,65,153
060890120004,524,151,373
060890121011,353,89,264
060890121012,499,128,371
060890121013,655,141,514
060890121021,361,73,288
060890121022,410,102,308
060890122001,665,127,538
060890122002,367,71,296
060890122003,555,107,448
060890122004,484,93,391
060890123011,435,114,321
060890123012,307,81,226
060890123021,418,89,329
060890123022,383,78,305
060890123023,666,150,516
060890123024,766,164,602
060890123031,932,166,766
060890123032,748,133,615
060890124001,480,157,323
060890124002,398,87,311
060890124003,784,239,545
060890125001,264,88,176
060890125002,332,114,218
060890126031,414,116,298
060890126032,671,193,478
060890126033,498,139,359
060890126034,386,75,311
060890126041,415,92,323
060890126042,699,129,570
060890126051,1064,226,838
060890126061,727,191,536
060890126062,554,186,368
060890127011,516,111,405
060890127012,323,68,255
060890127013,469,105,364
060890127014,210,45,165
060890127021,351,64,287
060890127022,542,100,442
060890127023,383,77,306
060910100001,239,84,155
060910100002,260,73,187
060910100003,303,133,170
060910100004,366,123,243
060910100005,375,116,259
060930001001,242,42,200
060930002001,293,65,228
060930002002,148,31,117
060930003001,695,147,548
060930003002,513,115,398
060930003003,487,141,346
060930006001,246,65,181
060930006002,475,117,358
060930007011,328,60,268
060930007012,448,129,319
060930007013,542,103,439
060930007014,279,57,222
060930007021,555,182,373
060930007022,360,92,268
060930007023,436,153,283
060930007031,268,91,177
060930007032,421,137,284
060930007033,568,159,409
060930008001,219,68,151
060930008002,416,128,288
060930008003,343,80,263
060930008004,708,166,542
060930009011,148,64,84
060930009012,650,320,330
060930009013,153,64,89
060930009014,264,106,158
060930009015,148,61,87
060930009021,154,63,91
060930009022,1167,494,673
060930009023,173,54,119
060930010011,694,320,374
060930010021,894,441,453
060930010031,372,215,157
060930010032,435,249,186
060930010033,787,452,335
060930010034,329,181,148
060930011001,229,113,116
060930011002,203,109,94
060930011003,275,153,122
060930012001,380,127,253
060930012002,368,121,247
060930013001,261,92,169
060930013002,164,54,110
060930013003,201,70,131
060930013004,284,75,209
060952501031,337,244,93
060952501032,517,377,140
060952501033,391,285,106
060952501041,331,238,93
060952501042,372,262,110
060952501051,407,296,111
060952501052,904,654,250
060952501053,787,568,219
060952501061,446,301,145
060952501062,874,638,236
060952502001,360,253,107
060952502002,238,175,63
060952502003,405,296,109
060952503001,294,191,103
060952503002,303,222,81
060952503003,168,123,45
060952504001,279,208,71
060952504002,475,355,120
060952504003,200,134,66
060952505011,213,144,69
060952505012,257,188,69
060952505021,509,364,145
060952505022,605,424,181
060952506011,397,285,112
060952506012,396,306,90
060952506013,187,148,39
060952506041,618,471,147
060952506042,437,334,103
060952506043,413,314,99
060952506051,367,270,97
060952506052,543,400,143
060952506053,733,549,184
060952507011,295,228,67
060952507012,285,216,69
060952508011,212,169,43
060952508012,124,105,19
060952508013,261,198,63
060952508014,233,184,49
060952509001,204,167,37
060952509002,164,134,30
060952509003,246,197,49
060952510001,188,151,37
060952510002,245,198,47
060952510003,193,152,41
060952511001,244,184,60
060952511002,313,249,64
060952512001,294,239,55
060952512002,217,177,40
060952512003,157,128,29
060952513001,325,243,82
060952513002,449,335,114
060952513003,416,309,107
060952514001,509,384,125
060952514002,472,344,128
060952514003,675,496,179
060952515001,185,136,49
060952515002,334,262,72
060952515003,295,238,57
060952516001,241,198,43
060952516002,295,245,50
060952517011,364,298,66
060952517012,522,412,110
060952517021,304,239,65
060952517022,119,97,22
060952517023,220,177,43
060952518021,216,170,46
060952518022,330,273,57
060952518031,170,120,50
060952518032,276,195,81
060952518033,259,185,74
060952518034,270,198,72
060952518041,245,181,64
060952518042,273,200,73
060952518043,274,202,72
060952519011,421,333,88
060952519012,180,142,38
060952519013,445,353,92
060952519021,206,167,39
060952519022,335,270,65
060952519023,173,140,33
060952519024,400,324,76
060952519031,310,255,55
060952519032,470,386,84
060952519033,506,418,88
060952520001,641,437,204
060952520002,420,285,135
060952520003,475,321,154
060952520004,655,446,209
060952521021,938,633,305
060952521022,807,536,271
060952521031,352,249,103
060952521032,646,442,204
060952521033,699,532,167
060952521041,1194,782,412
060952521042,842,519,323
060952521043,856,526,330
060952521051,894,558,336
060952521052,778,521,257
060952521061,780,496,284
060952521062,662,445,217
060952521063,478,327,151
060952521071,941,628,313
060952521072,626,428,198
060952521081,701,477,224
060952521082,796,542,254
060952522031,386,174,212
060952522032,916,577,339
060952522033,573,287,286
060952522041,868,518,350
060952522042,832,429,403
060952522043,375,162,213
060952522051,863,517,346
060952522052,863,553,310
060952522053,822,499,323
060952522061,885,595,290
060952522062,902,509,393
060952523051,450,310,140
060952523052,760,398,362
060952523053,743,417,326
060952523061,613,344,269
060952523062,718,414,304
060952523101,992,527,465
060952523102,566,275,291
060952523111,648,384,264
060952523112,779,465,314
060952523113,407,240,167
060952523121,677,384,293
060952523122,364,211,153
060952523131,253,166,87
060952523132,540,346,194
060952523133,645,351,294
060952523134,693,383,310
060952523141,305,189,116
060952523142,350,216,134
060952523143,414,258,156
060952523151,364,222,142
060952523152,490,305,185
060952523153,537,326,211
060952523161,563,337,226
060952523162,508,311,197
060952523171,1497,930,567
060952523172,1375,859,516
060952523173,351,230,121
060952524011,174,108,66
060952524012,165,103,62
060952524013,194,121,73
060952524014,174,107,67
060952524021,229,149,80
060952524022,506,325,181
060952524023,160,104,56
060952525011,143,101,42
060952525012,268,169,99
060952525021,131,88,43
060952525022,112,79,33
060952526041,194,136,58
060952526042,266,187,79
060952526043,133,92,41
060952526051,283,187,96
060952526052,139,83,56
060952526053,181,118,63
060952526054,116,76,40
060952526061,373,239,134
060952526062,161,96,65
060952526063,215,127,88
060952526071,220,148,72
060952526072,213,143,70
060952526081,314,201,113
060952526082,294,200,94
060952526101,423,262,161
060952526102,389,276,113
060952526111,190,127,63
060952526112,134,99,35
060952526113,124,91,33
060952527021,270,158,112
060952527022,217,127,90
060952527023,241,140,101
060952527024,556,378,178
060952527025,320,217,103
060952527026,252,161,91
060952527031,270,176,94
060952527032,353,233,120
060952527033,288,193,95
060952527041,148,100,48
060952527042,209,139,70
060952527043,218,131,87
060952527044,214,146,68
060952527045,282,188,94
060952527051,291,195,96
060952527052,250,161,89
060952527053,226,147,79
060952527054,541,350,191
060952527055,330,208,122
060952527061,529,335,194
060952527062,552,351,201
060952527071,486,325,161
060952527072,498,309,189
060952527073,264,99,165
060952528011,4,3,1
060952528012,0,0,0
060952528013,14,8,6
060952528014,34,20,14
060952528015,11,7,4
060952528021,29,17,12
060952529031,430,186,244
060952529032,528,163,365
060952529033,769,246,523
060952529034,392,120,272
060952529041,711,231,480
060952529042,448,204,244
060952529043,342,122,220
060952529044,1044,548,496
060952529081,345,179,166
060952529082,326,168,158
060952529083,272,114,158
060952529091,570,222,348
060952529092,1218,596,622
060952529101,382,180,202
060952529102,368,183,185
060952529103,731,329,402
060952529104,364,171,193
060952529111,565,290,275
060952529112,594,305,289
060952529113,350,179,171
060952529114,776,397,379
060952529121,595,239,356
060952529122,340,154,186
060952529123,408,211,197
060952529124,581,254,327
060952529125,492,194,298
060952529131,428,192,236
060952529132,444,200,244
060952529133,326,147,179
060952529134,479,215,264
060952529141,900,407,493
060952529142,379,187,192
060952529143,476,234,242
060952529151,740,361,379
060952529152,1505,733,772
060952531011,110,59,51
060952531012,238,107,131
060952531013,311,141,170
060952531014,263,121,142
060952531015,380,173,207
060952531016,490,219,271
060952531051,238,125,113
060952531052,197,104,93
060952531053,370,193,177
060952531054,205,106,99
060952531055,148,78,70
060952531061,185,95,90
060952531062,208,107,101
060952531063,428,219,209
060952531071,340,167,173
060952531072,453,233,220
060952531073,451,231,220
060952531074,250,125,125
060952531081,582,283,299
060952531082,333,163,170
060952531083,326,159,167
060952532011,669,271,398
060952532012,465,187,278
060952532013,539,226,313
060952532014,680,281,399
060952532031,478,210,268
060952532032,562,227,335
060952532033,276,125,151
060952532051,476,182,294
060952532052,287,109,178
060952532053,109,62,47
060952532061,637,253,384
060952532062,818,320,498
060952532071,927,371,556
060952532081,446,184,262
060952532082,504,209,295
060952532083,150,87,63
060952532084,113,65,48
060952533001,504,157,347
060952533002,355,100,255
060952534021,376,188,188
060952534022,242,123,119
060952534023,238,119,119
060952534024,757,338,419
060952534025,655,290,365
060952534031,559,248,311
060952534032,534,225,309
060952534033,1075,459,616
060952534041,321,152,169
060952534042,416,178,238
060952534043,408,174,234
060952534044,712,304,408
060952535011,2118,1350,768
060952535012,1232,790,442
060952535013,688,408,280
060952535021,575,232,343
060952535022,459,190,269
060952535023,430,176,254
060959800001,0,0,0
060971501001,650,435,215
060971501002,280,152,128
060971501003,173,97,76
060971502031,877,639,238
060971502032,660,456,204
060971502033,776,593,183
060971502041,550,401,149
060971502042,653,492,161
060971502043,718,513,205
060971502051,526,396,130
060971502052,621,480,141
060971502053,644,489,155
060971502061,421,315,106
060971502062,355,251,104
060971503031,483,362,121
060971503032,600,432,168
060971503033,309,199,110
060971503034,1119,904,215
060971503041,338,240,98
060971503042,698,524,174
060971503043,534,373,161
060971503044,522,366,156
060971503051,232,156,76
060971503052,381,306,75
060971503053,532,413,119
060971503054,188,149,39
060971503061,331,261,70
060971503062,317,249,68
060971503063,661,516,145
060971505011,416,308,108
060971505012,698,507,191
060971505013,360,290,70
060971505021,436,331,105
060971505022,299,223,76
060971506011,504,351,153
060971506012,227,161,66
060971506013,345,247,98
060971506014,359,250,109
060971506021,507,369,138
060971506022,506,350,156
060971506023,798,541,257
060971506031,823,585,238
060971506032,356,259,97
060971506033,270,190,80
060971506034,698,467,231
060971506035,427,301,126
060971506036,411,289,122
060971506071,499,341,158
060971506072,275,165,110
060971506073,451,291,160
060971506074,1221,777,444
060971506091,979,703,276
060971506092,332,243,89
060971506093,406,297,109
060971506094,360,263,97
060971506101,547,360,187
060971506102,924,629,295
060971506103,393,259,134
060971506111,412,281,131
060971506112,295,204,91
060971506113,379,269,110
060971506114,523,357,166
060971506121,1417,955,462
060971506122,368,252,116
060971506123,390,212,178
060971507011,509,399,110
060971507012,742,575,167
060971507013,521,431,90
060971507014,461,373,88
060971507021,1003,740,263
060971507022,556,386,170
060971507023,933,689,244
060971507024,619,488,131
060971508001,452,368,84
060971508002,509,423,86
060971508003,418,335,83
060971508004,1016,780,236
060971509011,342,281,61
060971509012,336,270,66
060971509013,454,337,117
060971509014,231,181,50
060971509015,560,436,124
060971509021,516,369,147
060971509022,455,355,100
060971509023,464,368,96
060971509024,391,320,71
060971510001,526,325,201
060971510002,553,339,214
060971510003,648,465,183
060971511001,565,307,258
060971511002,1053,618,435
060971511003,544,336,208
060971512031,364,251,113
060971512032,562,380,182
060971512033,501,355,146
060971512034,652,474,178
060971512041,805,542,263
060971512042,513,357,156
060971512043,246,172,74
060971512051,517,303,214
060971512052,879,574,305
060971512061,461,345,116
060971512062,458,286,172
060971512063,504,339,165
060971513011,495,341,154
060971513012,259,176,83
060971513013,422,289,133
060971513051,513,359,154
060971513052,370,252,118
060971513053,468,318,150
060971513061,318,215,103
060971513062,434,310,124
060971513063,673,427,246
060971513071,691,427,264
060971513072,424,262,162
060971513073,527,347,180
060971513074,514,328,186
060971513081,902,570,332
060971513082,634,428,206
060971513083,506,343,163
060971513091,505,332,173
060971513092,1090,701,389
060971513093,1344,908,436
060971513101,227,156,71
060971513102,421,292,129
060971513103,354,242,112
060971513104,299,185,114
060971513105,112,88,24
060971513111,382,258,124
060971513112,489,291,198
060971513113,578,358,220
060971513114,417,259,158
060971513115,782,482,300
060971514031,694,494,200
060971514032,752,525,227
060971514041,298,222,76
060971514042,248,187,61
060971514051,206,139,67
060971514052,368,257,111
060971514053,173,108,65
060971514054,248,168,80
060971514061,351,252,99
060971514062,320,224,96
060971515031,725,508,217
060971515032,622,453,169
060971515033,831,569,262
060971515041,629,455,174
060971515042,583,417,166
060971515043,623,452,171
060971515051,421,289,132
060971515052,459,299,160
060971515061,726,532,194
060971515062,324,230,94
060971515063,418,300,118
060971515064,811,584,227
060971516011,455,350,105
060971516012,786,561,225
060971516013,899,688,211
060971516021,732,558,174
060971516022,736,567,169
060971516023,926,702,224
060971517011,741,572,169
060971517012,508,383,125
060971517021,215,167,48
060971517022,523,369,154
060971517023,448,346,102
060971517024,361,277,84
060971518001,623,480,143
060971518002,360,272,88
060971518003,394,305,89
060971518004,742,575,167
060971518005,295,222,73
060971519001,195,163,32
060971519002,236,196,40
060971519003,81,68,13
060971519004,564,471,93
060971520001,413,346,67
060971520002,315,266,49
060971521001,208,153,55
060971521002,258,216,42
060971521003,342,282,60
060971522011,386,306,80
060971522012,396,331,65
060971522013,452,371,81
060971522014,340,279,61
060971522031,384,314,70
060971522032,381,322,59
060971522033,334,270,64
060971522034,471,401,70
060971522041,563,440,123
060971522042,708,479,229
060971522043,311,230,81
060971522044,406,293,113
060971522051,176,121,55
060971522052,338,247,91
060971523001,739,553,186
060971523002,620,468,152
060971523003,730,541,189
060971523004,450,347,103
060971524011,1149,812,337
060971524012,1053,724,329
060971524013,1014,667,347
060971524021,322,238,84
060971524022,920,623,297
060971524023,647,471,176
060971525011,787,596,191
060971525012,638,446,192
060971525013,399,275,124
060971525021,680,490,190
060971525022,477,336,141
060971525023,379,263,116
060971526011,608,364,244
060971526012,1520,1023,497
060971526013,472,327,145
060971526014,670,457,213
060971526015,347,248,99
060971526021,567,361,206
060971527011,563,341,222
060971527012,357,228,129
060971527013,504,324,180
060971527014,305,189,116
060971527015,511,353,158
060971527021,674,429,245
060971527022,467,300,167
060971527023,603,369,234
060971527024,81,45,36
060971528011,432,274,158
060971528012,487,316,171
060971528013,512,332,180
060971528014,692,451,241
060971528031,273,194,79
060971528032,328,243,85
060971528033,196,156,40
060971528041,234,174,60
060971528042,328,244,84
060971529031,362,240,122
060971529032,483,355,128
060971529033,96,72,24
060971529034,210,156,54
060971529041,558,381,177
060971529042,284,190,94
060971529043,590,389,201
060971529044,503,339,164
060971529051,458,303,155
060971529052,544,352,192
060971529053,447,291,156
060971529061,1035,628,407
060971529062,916,630,286
060971529063,454,250,204
060971530011,284,226,58
060971530012,430,314,116
060971530013,590,423,167
060971530014,264,205,59
060971530021,371,273,98
060971530022,449,338,111
060971530023,216,181,35
060971530024,261,207,54
060971530025,199,160,39
060971530031,268,193,75
060971530032,246,182,64
060971530033,442,317,125
060971530034,491,357,134
060971530051,488,297,191
060971530052,348,212,136
060971530053,616,386,230
060971530054,374,262,112
060971530055,678,479,199
060971530056,392,276,116
060971530061,291,206,85
060971530062,264,189,75
060971530063,613,424,189
060971530064,628,460,168
060971530065,342,250,92
060971530066,453,333,120
060971531021,199,148,51
060971531022,156,112,44
060971531023,314,234,80
060971531024,149,111,38
060971531031,455,316,139
060971531032,332,248,84
060971531033,118,89,29
060971531041,344,271,73
060971531042,201,153,48
060971531043,124,94,30
060971532011,650,425,225
060971532012,365,276,89
060971532021,225,146,79
060971532022,205,152,53
060971532023,239,136,103
060971533011,350,250,100
060971533012,463,255,208
060971533013,557,394,163
060971533014,298,210,88
060971533021,407,288,119
060971533022,580,370,210
060971533023,259,177,82
060971534031,613,459,154
060971534032,606,474,132
060971534033,459,391,68
060971534034,473,397,76
060971534041,463,365,98
060971534042,800,672,128
060971534043,427,336,91
060971534044,732,573,159
060971534051,692,540,152
060971534052,487,391,96
060971534053,594,475,119
060971534061,351,285,66
060971534062,488,406,82
060971534063,520,437,83
060971535011,441,291,150
060971535012,695,553,142
060971535013,527,345,182
060971535014,711,503,208
060971535021,434,327,107
060971535022,369,289,80
060971535023,564,442,122
060971535024,735,536,199
060971536011,558,426,132
060971536012,439,337,102
060971536021,494,380,114
060971536022,448,344,104
060971536023,851,660,191
060971537051,259,197,62
060971537052,484,347,137
060971537053,647,475,172
060971537054,563,409,154
060971537071,328,245,83
060971537072,282,233,49
060971537073,225,184,41
060971537081,270,229,41
060971537082,223,179,44
060971537083,177,143,34
060971537084,176,142,34
060971537091,349,283,66
060971537092,375,296,79
060971537101,353,276,77
060971537102,278,221,57
060971537103,382,318,64
060971537111,354,272,82
060971537112,260,211,49
060971537113,446,320,126
060971537121,383,284,99
060971537122,706,530,176
060971538041,702,414,288
060971538042,683,434,249
060971538061,415,241,174
060971538062,243,150,93
060971538063,564,360,204
060971538071,1150,708,442
060971538072,708,425,283
060971538073,225,147,78
060971538081,550,333,217
060971538082,293,204,89
060971538083,543,352,191
060971538091,764,449,315
060971538092,659,432,227
060971538093,401,249,152
060971538101,387,233,154
060971538102,373,242,131
060971538103,738,481,257
060971538111,959,578,381
060971538112,338,204,134
060971538113,798,489,309
060971539021,560,416,144
060971539022,323,240,83
060971539023,278,208,70
060971539024,387,280,107
060971539031,553,412,141
060971539032,375,297,78
060971539033,402,309,93
060971539034,594,453,141
060971539041,662,513,149
060971539042,372,236,136
060971539051,371,259,112
060971539052,986,693,293
060971539053,200,114,86
060971540001,258,164,94
060971540002,297,192,105
060971540003,596,379,217
060971541001,287,184,103
060971541002,614,362,252
060971541003,484,295,189
060971541004,258,148,110
060971542011,427,273,154
060971542012,265,164,101
060971542013,253,161,92
060971542014,418,261,157
060971542021,452,273,179
060971542022,308,193,115
060971542023,968,607,361
060971542024,963,592,371
060971543041,382,304,78
060971543042,272,204,68
060971543043,306,232,74
060971543044,246,187,59
060971543051,266,192,74
060971543052,242,181,61
060971543053,466,365,101
060971543061,502,405,97
060971543062,690,546,144
060971543071,542,428,114
060971543081,401,318,83
060990001011,835,167,668
060990001012,523,108,415
060990001013,508,89,419
060990001014,396,77,319
060990001021,247,62,185
060990001022,1167,268,899
060990001023,500,105,395
060990002011,619,194,425
060990002012,523,162,361
060990002013,281,87,194
060990002014,204,63,141
060990002015,460,142,318
060990002021,339,103,236
060990002022,209,65,144
060990002023,659,201,458
060990002024,1234,362,872
060990002041,712,202,510
060990002042,213,61,152
060990002043,773,222,551
060990002051,351,100,251
060990002052,982,284,698
060990003011,278,115,163
060990003012,141,60,81
060990003021,128,50,78
060990003022,233,94,139
060990003023,286,113,173
060990003031,468,204,264
060990003032,406,172,234
060990003033,417,175,242
060990003041,192,92,100
060990003042,307,125,182
060990003043,321,153,168
060990004031,368,165,203
060990004032,714,298,416
060990004033,549,226,323
060990004041,350,155,195
060990004042,393,162,231
060990004043,824,364,460
060990004044,267,118,149
060990004051,525,143,382
060990004052,158,58,100
060990004061,906,360,546
060990004062,852,344,508
060990004071,333,126,207
060990004072,676,253,423
060990005011,781,216,565
060990005012,395,130,265
060990005013,661,260,401
060990005014,595,264,331
060990005031,435,193,242
060990005032,527,234,293
060990005033,496,219,277
060990005051,447,202,245
060990005052,510,233,277
060990005053,431,194,237
060990005061,323,144,179
060990005062,347,153,194
060990005063,307,136,171
060990005064,279,128,151
060990005111,692,310,382
060990005112,480,218,262
060990005113,623,281,342
060990005121,543,241,302
060990005122,443,195,248
060990005131,579,240,339
060990005132,674,299,375
060990005141,500,222,278
060990005142,206,92,114
060990006011,305,101,204
060990006012,616,273,343
060990006013,486,220,266
060990006021,275,129,146
060990006022,463,212,251
060990008011,453,200,253
060990008012,479,209,270
060990008013,271,124,147
060990008014,507,229,278
060990008015,431,196,235
060990008031,184,105,79
060990008032,226,129,97
060990008033,327,163,164
060990008051,393,192,201
060990008052,424,196,228
060990008053,179,103,76
060990008054,362,179,183
060990008061,556,259,297
060990008062,517,240,277
060990008071,334,148,186
060990008072,588,260,328
060990009051,471,205,266
060990009052,791,343,448
060990009053,749,341,408
060990009061,563,238,325
060990009062,720,305,415
060990009063,736,303,433
060990009071,554,216,338
060990009072,481,188,293
060990009073,369,167,202
060990009081,459,212,247
060990009082,485,219,266
060990009083,457,204,253
060990009091,522,235,287
060990009092,481,218,263
060990009093,234,106,128
060990009101,405,183,222
060990009102,454,206,248
060990009103,238,107,131
060990009104,314,142,172
060990009111,535,243,292
060990009112,526,239,287
060990009113,393,163,230
060990009131,338,143,195
060990009132,329,135,194
060990009133,827,348,479
060990009134,802,332,470
060990009141,549,254,295
060990009142,589,271,318
060990009143,705,320,385
060990009151,869,361,508
060990009152,666,276,390
060990010011,456,206,250
060990010012,503,235,268
060990010013,219,98,121
060990010014,402,182,220
060990010015,348,156,192
060990010021,319,155,164
060990010022,370,167,203
060990010023,185,83,102
060990011001,301,145,156
060990011002,244,118,126
060990011003,280,134,146
060990011004,266,128,138
060990012001,259,132,127
060990012002,354,196,158
060990012003,567,313,254
060990013001,323,154,169
060990013002,210,115,95
060990013003,340,166,174
060990013004,533,298,235
060990013005,355,170,185
060990013006,299,143,156
060990014001,524,254,270
060990014002,228,132,96
060990014003,91,52,39
060990014004,578,321,257
060990014005,143,79,64
060990015001,313,197,116
060990015002,278,183,95
060990015003,294,192,102
060990015004,302,124,178
060990016011,153,93,60
060990016012,193,120,73
060990016013,124,87,37
060990016031,130,71,59
060990016032,149,101,48
060990016033,116,63,53
060990016034,195,108,87
060990016041,108,77,31
060990016042,88,62,26
060990016043,111,78,33
060990017001,198,130,68
060990017002,80,53,27
060990018001,188,113,75
060990018002,213,130,83
060990019001,699,345,354
060990019002,199,95,104
060990019003,310,151,159
060990019004,240,119,121
060990019005,299,149,150
060990020021,409,167,242
060990020022,140,55,85
060990020023,150,64,86
060990020041,262,141,121
060990020042,325,151,174
060990020043,328,179,149
060990020044,245,136,109
060990020051,371,195,176
060990020052,327,173,154
060990020061,446,235,211
060990020062,467,249,218
060990021001,125,79,46
060990021002,132,87,45
060990022001,164,103,61
060990022002,205,132,73
060990022003,67,45,22
060990022004,131,86,45
060990023021,177,120,57
060990023022,188,128,60
060990023031,142,101,41
060990023032,98,69,29
060990023033,264,179,85
060990023041,42,27,15
060990023042,162,112,50
060990024011,167,114,53
060990024012,228,157,71
060990024021,176,113,63
060990024022,78,49,29
060990024023,138,87,51
060990025031,256,138,118
060990025032,150,75,75
060990025033,219,123,96
060990025041,449,245,204
060990025042,340,185,155
060990025051,434,234,200
060990025052,406,223,183
060990025061,208,71,137
060990025062,0,0,0
060990026021,170,85,85
060990026022,448,211,237
060990026023,224,107,117
060990026031,148,74,74
060990026032,565,234,331
060990026041,272,107,165
060990026042,170,67,103
060990026043,225,113,112
060990026051,402,181,221
060990026052,436,205,231
060990027011,382,188,194
060990027012,587,287,300
060990027021,136,76,60
060990027022,214,144,70
060990027023,266,129,137
060990027024,338,170,168
060990027025,277,143,134
060990028011,700,208,492
060990028012,430,130,300
060990028013,357,66,291
060990028021,323,97,226
060990028022,578,171,407
060990028023,533,127,406
060990028024,411,111,300
060990028031,453,195,258
060990028032,577,248,329
060990029011,357,70,287
060990029012,277,59,218
060990029013,296,59,237
060990029014,269,52,217
060990029015,458,92,366
060990029031,773,243,530
060990029032,279,92,187
060990029033,306,61,245
060990029034,385,120,265
060990029041,850,263,587
060990030021,243,83,160
060990030022,264,124,140
060990030023,295,140,155
060990030024,398,188,210
060990030031,395,211,184
060990030032,396,184,212
060990030033,191,102,89
060990030034,584,296,288
060990030041,256,67,189
060990030042,253,115,138
060990031001,148,36,112
060990031002,187,68,119
060990031003,355,112,243
060990032011,393,222,171
060990032012,267,151,116
060990032013,208,105,103
060990032014,157,89,68
060990032031,505,277,228
060990032032,851,534,317
060990032041,251,135,116
060990032042,197,100,97
060990032051,361,221,140
060990032052,613,366,247
060990032061,483,312,171
060990032062,599,386,213
060990033001,248,79,169
060990033002,536,241,295
060990033003,222,83,139
060990033004,257,87,170
060990034001,208,67,141
060990034002,114,26,88
060990035011,185,77,108
060990035012,288,132,156
060990035013,463,210,253
060990035014,575,254,321
060990035021,386,188,198
060990035022,149,70,79
060990035023,320,140,180
060990036031,174,39,135
060990036032,146,32,114
060990036033,267,72,195
060990036034,325,81,244
060990036071,386,100,286
060990036072,377,109,268
060990036081,675,234,441
060990036082,300,78,222
060990036083,875,266,609
060990036084,791,208,583
060990036091,577,222,355
060990036092,472,175,297
060990036101,646,256,390
060990036102,355,151,204
060990036111,763,285,478
060990036112,543,222,321
060990036121,716,300,416
060990036122,895,354,541
060990036123,528,221,307
060990037001,232,67,165
060990037002,328,71,257
060990037003,225,120,105
060990037004,175,92,83
060990038021,129,70,59
060990038022,103,61,42
060990038023,238,126,112
060990038024,143,83,60
060990038031,200,104,96
060990038032,206,105,101
060990038041,213,109,104
060990038042,217,100,117
060990038043,592,276,316
060990038044,211,114,97
060990038051,728,340,388
060990039041,361,146,215
060990039042,137,70,67
060990039043,379,152,227
060990039044,409,131,278
060990039051,315,107,208
060990039052,601,212,389
060990039053,591,200,391
060990039054,264,94,170
060990039061,288,99,189
060990039062,343,160,183
060990039063,194,99,95
060990039071,678,244,434
060990039072,727,276,451
060990039073,515,174,341
060990039074,959,334,625
060990039081,177,81,96
060990039082,221,101,120
060990039091,517,224,293
060990039092,426,169,257
060990039093,532,228,304
060990039094,256,99,157
060990040001,355,58,297
060990040002,421,108,313
060990040003,496,96,400
061010501011,273,101,172
061010501012,137,51,86
061010501013,280,104,176
061010501014,514,191,323
061010501015,555,206,349
061010501021,338,132,206
061010501022,319,121,198
061010501023,270,101,169
061010502011,241,101,140
061010502012,263,101,162
061010502021,143,60,83
061010502022,189,69,120
061010502023,91,39,52
061010502024,173,73,100
061010503011,258,90,168
061010503012,466,155,311
061010503021,315,121,194
061010503022,228,97,131
061010503023,122,52,70
061010503024,351,126,225
061010504011,457,145,312
061010504012,322,106,216
061010504013,318,113,205
061010504014,409,145,264
061010504021,504,148,356
061010504022,248,60,188
061010504023,590,210,380
061010504031,633,231,402
061010504032,375,139,236
061010505011,326,104,222
061010505012,186,72,114
061010505013,435,168,267
061010505014,128,50,78
061010505015,424,172,252
061010505031,343,96,247
061010505032,464,192,272
061010505033,649,267,382
061010505034,277,113,164
061010505035,472,160,312
061010505041,645,255,390
061010505042,375,94,281
061010505043,292,116,176
061010505044,508,209,299
061010505045,521,214,307
061010506011,474,118,356
061010506012,737,198,539
061010506013,593,168,425
061010506014,542,156,386
061010506031,228,82,146
061010506032,484,138,346
061010506033,813,257,556
061010506034,653,205,448
061010506041,326,98,228
061010506042,1330,375,955
061010507011,657,225,432
061010507012,542,205,337
061010507021,739,261,478
061010507022,393,76,317
061010507023,350,140,210
061010507024,264,106,158
061010508001,941,128,813
061010508002,494,64,430
061010509001,229,35,194
061010509002,164,30,134
061010510001,251,60,191
061010510002,509,115,394
061010511001,311,59,252
061010511002,285,54,231
061010511003,370,59,311
061030001001,335,94,241
061030001002,685,153,532
061030001003,440,109,331
061030001004,337,85,252
061030002011,451,102,349
061030002012,1113,242,871
061030002021,608,106,502
061030002022,457,81,376
061030002023,824,144,680
061030003001,989,169,820
061030003002,317,121,196
061030003003,319,67,252
061030004001,927,212,715
061030004002,857,154,703
061030004003,1008,201,807
061030005001,458,137,321
061030005002,299,86,213
061030005003,309,104,205
061030005004,240,86,154
061030005005,265,89,176
061030006001,691,196,495
061030006002,754,191,563
061030006003,538,134,404
061030007011,612,157,455
061030007012,351,117,234
061030007013,180,71,109
061030007021,347,109,238
061030007022,378,120,258
061030008001,274,50,224
061030008002,231,45,186
061030008003,265,50,215
061030008004,193,63,130
061030009001,314,72,242
061030009002,408,121,287
061030009003,449,120,329
061030010001,624,144,480
061030010002,717,173,544
061030010003,243,65,178
061030010004,367,98,269
061030011011,272,53,219
061030011012,295,60,235
061030011021,134,37,97
061030011022,317,97,220
061030011023,150,45,105
061030011024,289,94,195
061050001011,261,86,175
061050001012,567,219,348
061050001013,374,164,210
061050001021,449,180,269
061050001022,600,249,351
061050001023,543,217,326
061050002001,473,250,223
061050002002,239,101,138
061050005001,333,127,206
061050005002,341,145,196
061050005003,130,51,79
061050005004,217,71,146
061070001011,638,208,430
061070001012,635,337,298
061070001021,369,167,202
061070001022,636,135,501
061070002021,67,30,37
061070002022,137,45,92
061070002023,116,46,70
061070002031,191,108,83
061070002032,158,96,62
061070002033,110,62,48
061070002041,217,126,91
061070002042,230,135,95
061070003021,107,27,80
061070003022,147,47,100
061070003023,87,25,62
061070003031,542,85,457
061070003032,461,64,397
061070003033,416,113,303
061070003041,192,62,130
061070003042,117,37,80
061070003043,127,23,104
061070004011,218,74,144
061070004012,454,211,243
061070004013,362,177,185
061070004021,220,100,120
061070004022,667,290,377
061070004023,286,141,145
061070004024,291,126,165
061070005011,188,110,78
061070005012,112,72,40
061070005013,167,104,63
061070005014,147,94,53
061070005021,245,121,124
061070005022,206,117,89
061070006001,213,158,55
061070006002,87,65,22
061070006003,62,46,16
061070006004,149,62,87
061070007011,194,112,82
061070007012,339,93,246
061070007021,236,132,104
061070007022,154,92,62
061070007023,277,167,110
061070007024,105,62,43
061070008011,136,68,68
061070008012,137,80,57
061070008013,214,118,96
061070008021,160,36,124
061070008022,363,77,286
061070008023,441,54,387
061070009011,159,53,106
061070009012,336,178,158
061070009013,79,39,40
061070009021,474,116,358
061070009022,11,2,9
061070009023,185,34,151
061070010051,1121,324,797
061070010061,263,79,184
061070010062,364,110,254
061070010063,930,282,648
061070010064,328,107,221
061070010065,156,51,105
061070010071,766,251,515
061070010072,827,276,551
061070010081,942,272,670
061070010082,1142,339,803
061070010091,223,124,99
061070010092,247,147,100
061070010101,161,96,65
061070010102,241,145,96
061070010111,375,174,201
061070010112,939,349,590
061070010113,317,181,136
061070010121,478,160,318
061070010122,686,246,440
061070010123,638,243,395
061070010124,483,251,232
061070011011,112,67,45
061070011012,66,33,33
061070011021,226,135,91
061070011022,194,110,84
061070012001,312,127,185
061070013031,295,130,165
061070013032,280,123,157
061070013033,358,158,200
061070013041,791,220,571
061070013042,274,121,153
061070013051,92,44,48
061070013052,249,108,141
061070013061,395,141,254
061070013062,239,86,153
061070013063,480,161,319
061070014001,219,50,169
061070014002,292,52,240
061070014003,320,62,258
061070014004,186,40,146
061070014005,195,43,152
061070014006,237,124,113
061070015011,637,150,487
061070015012,428,122,306
061070015013,443,121,322
061070015021,722,178,544
061070015022,212,57,155
061070015023,303,84,219
061070015024,276,73,203
061070016011,184,105,79
061070016012,144,83,61
061070016013,111,64,47
061070016014,128,74,54
061070016021,277,43,234
061070016022,304,174,130
061070016023,384,123,261
061070017011,107,54,53
061070017012,124,58,66
061070017013,289,111,178
061070017014,241,90,151
061070017015,355,137,218
061070017031,554,196,358
061070017032,595,196,399
061070017033,668,218,450
061070017034,691,223,468
061070017051,373,129,244
061070017052,618,200,418
061070017061,728,255,473
061070017062,735,237,498
061070018001,235,110,125
061070018002,498,177,321
061070018003,336,146,190
061070018004,322,115,207
061070019011,361,126,235
061070019012,403,145,258
061070019013,214,77,137
061070019021,193,69,124
061070019022,313,106,207
061070019023,504,166,338
061070019024,297,94,203
061070020021,232,86,146
061070020022,335,119,216
061070020023,421,149,272
061070020024,337,120,217
061070020031,332,121,211
061070020032,308,112,196
061070020033,219,80,139
061070020034,384,140,244
061070020035,330,122,208
061070020041,265,88,177
061070020042,791,262,529
061070020043,418,139,279
061070020061,464,145,319
061070020062,542,179,363
061070020063,548,176,372
061070020081,363,119,244
061070020082,257,84,173
061070020091,435,141,294
061070020092,516,170,346
061070020093,312,102,210
061070020101,712,249,463
061070020102,257,94,163
061070020103,626,195,431
061070020111,415,151,264
061070020112,450,135,315
061070021001,198,32,166
061070021002,310,77,233
061070022021,126,58,68
061070022022,95,45,50
061070022023,178,90,88
061070022024,148,83,65
061070022031,205,104,101
061070022032,243,118,125
061070022033,191,96,95
061070022034,128,65,63
061070022041,257,128,129
061070022042,227,113,114
061070022043,108,53,55
061070022044,134,66,68
061070023021,286,74,212
061070023022,608,169,439
061070023023,296,76,220
061070023031,442,96,346
061070023032,711,186,525
061070023033,313,95,218
061070023034,380,101,279
061070023035,247,64,183
061070023041,187,53,134
061070023042,238,63,175
061070024011,694,196,498
061070024012,633,177,456
061070024013,353,85,268
061070024021,408,119,289
061070024022,327,63,264
061070024023,564,101,463
061070024031,948,292,656
061070024032,772,238,534
061070025001,156,38,118
061070025002,273,62,211
061070025003,99,34,65
061070025004,221,108,113
061070026011,261,139,122
061070026012,173,103,70
061070026021,221,120,101
061070026022,173,101,72
061070026023,181,104,77
061070026024,115,66,49
061070027011,362,85,277
061070027012,320,78,242
061070027021,450,105,345
061070027022,301,66,235
061070027023,705,178,527
061070027024,198,74,124
061070028001,202,112,90
061070028002,166,87,79
061070029011,212,101,111
061070029012,208,120,88
061070029031,410,128,282
061070029032,210,93,117
061070029033,131,73,58
061070029034,335,109,226
061070029041,402,126,276
061070029042,292,134,158
061070029043,297,96,201
061070030011,96,55,41
061070030012,136,76,60
061070030013,154,89,65
061070030021,180,98,82
061070030022,186,105,81
061070031001,127,26,101
061070031002,286,65,221
061070031003,112,21,91
061070032011,199,91,108
061070032012,117,17,100
061070032013,144,23,121
061070032021,118,55,63
061070032022,72,23,49
061070033011,356,107,249
061070033012,104,40,64
061070033013,223,78,145
061070033021,176,45,131
061070033022,128,27,101
061070033023,294,84,210
061070034011,202,97,105
061070034012,125,39,86
061070034013,173,51,122
061070034021,377,105,272
061070034022,214,44,170
061070035011,335,111,224
061070035012,405,119,286
061070035031,387,162,225
061070035032,465,201,264
061070035033,353,125,228
061070035041,269,89,180
061070035042,502,197,305
061070035043,419,162,257
061070036011,367,151,216
061070036012,407,161,246
061070036013,335,133,202
061070036014,308,126,182
061070036021,272,111,161
061070036022,165,66,99
061070036023,343,132,211
061070036024,464,183,281
061070037001,278,115,163
061070037002,176,76,100
061070037003,330,156,174
061070037004,248,106,142
061070038011,209,89,120
061070038012,274,99,175
061070038021,188,68,120
061070038022,107,40,67
061070038023,230,119,111
061070039021,570,183,387
061070039022,160,58,102
061070039023,138,44,94
061070039024,78,24,54
061070039031,204,109,95
061070039032,140,66,74
061070039041,82,37,45
061070039042,119,56,63
061070039043,114,57,57
061070040001,4,2,2
061070041021,244,127,117
061070041031,160,84,76
061070041032,281,147,134
061070041033,71,36,35
061070041041,99,51,48
061070041042,107,57,50
061070041043,157,87,70
061070042001,125,38,87
061070042002,79,36,43
061070042003,177,68,109
061070042004,131,29,102
061070042005,105,56,49
061070043011,72,30,42
061070043012,201,159,42
061070043021,130,60,70
061070043022,43,16,27
061070044011,136,99,37
061070044012,218,157,61
061070044021,67,48,19
061070044022,66,45,21
061070044023,85,60,25
061070045001,225,75,150
061070045002,103,49,54
061070045003,90,42,48
061070045004,308,55,253
061070045005,284,87,197
061090011001,545,187,358
061090011002,388,167,221
061090011003,577,226,351
061090011004,176,81,95
061090012001,401,171,230
061090012002,434,199,235
061090012003,417,202,215
061090012004,173,80,93
061090021011,284,124,160
061090021012,240,100,140
061090021013,482,184,298
061090021014,420,151,269
061090021021,340,133,207
061090021022,258,119,139
061090022011,395,145,250
061090022012,708,239,469
061090022013,790,284,506
061090022014,526,172,354
061090022021,557,200,357
061090022022,279,111,168
061090022023,621,230,391
061090031011,544,215,329
061090031012,249,107,142
061090031013,330,120,210
061090031021,613,234,379
061090031022,391,131,260
061090031023,207,67,140
061090031031,348,126,222
061090031032,289,120,169
061090032001,709,236,473
061090032002,268,92,176
061090032003,428,142,286
061090032004,345,109,236
061090032005,372,117,255
061090032006,252,80,172
061090041011,839,257,582
061090041012,595,161,434
061090041021,535,246,289
061090041022,542,168,374
061090042011,364,168,196
061090042012,308,143,165
061090042013,2,1,1
061090042014,196,78,118
061090042021,262,122,140
061090042022,346,160,186
061090042023,467,184,283
061090051011,629,218,411
061090051012,761,287,474
061090051013,467,124,343
061090051014,534,150,384
061090051021,608,190,418
061090051022,601,225,376
061090052011,284,60,224
061090052012,522,125,397
061099852021,12,3,9
061110003021,885,455,430
061110003022,819,424,395
061110003023,274,141,133
061110003024,325,193,132
061110003031,367,208,159
061110003032,409,224,185
061110003033,496,243,253
061110003041,312,133,179
061110003042,287,158,129
061110003043,294,175,119
061110004001,557,309,248
061110004002,359,174,185
061110004003,653,371,282
061110004004,245,185,60
061110005001,459,278,181
061110006001,179,116,63
061110006002,213,141,72
061110006003,141,91,50
061110006004,192,122,70
061110006005,81,53,28
061110007011,333,206,127
061110007012,261,163,98
061110007013,275,175,100
061110007014,160,119,41
061110007021,386,230,156
061110007022,455,266,189
061110008001,253,155,98
061110008002,1101,620,481
061110008003,570,334,236
061110008004,470,242,228
061110009011,1017,750,267
061110009012,355,240,115
061110009021,275,144,131
061110009022,837,562,275
061110009031,540,402,138
061110009032,365,221,144
061110009033,710,508,202
061110009034,502,363,139
061110009035,607,414,193
061110010021,756,463,293
061110010022,653,361,292
061110010023,927,579,348
061110010024,588,389,199
061110011011,1225,694,531
061110011012,692,418,274
061110011021,977,560,417
061110011022,737,397,340
061110012011,738,403,335
061110012012,822,445,377
061110012013,444,237,207
061110012021,880,422,458
061110012022,1202,617,585
061110012023,1342,706,636
061110012041,773,404,369
061110013021,669,407,262
061110013031,640,381,259
061110013032,924,510,414
061110013041,463,252,211
061110013042,706,385,321
061110014011,735,402,333
061110014012,964,527,437
061110014021,985,521,464
061110014022,802,455,347
061110014023,615,361,254
061110015061,762,426,336
061110015062,481,263,218
061110015063,768,420,348
061110015071,269,142,127
061110015072,793,442,351
061110015073,474,266,208
061110015081,1833,1114,719
061110015091,436,278,158
061110015092,583,386,197
061110015101,826,496,330
061110015102,3,2,1
061110015111,452,264,188
061110015112,232,132,100
061110016021,749,460,289
061110016022,429,265,164
061110018011,962,547,415
061110018012,530,323,207
061110018013,539,325,214
061110019011,1122,723,399
061110019012,625,394,231
061110020001,439,287,152
061110020002,500,328,172
061110020003,531,327,204
061110021021,275,207,68
061110021022,455,304,151
061110022001,206,143,63
061110022002,1069,707,362
061110022003,321,237,84
061110022004,208,151,57
061110023011,209,156,53
061110023012,320,227,93
061110023021,206,146,60
061110023022,389,262,127
061110023023,222,163,59
061110024001,423,286,137
061110024002,526,397,129
061110025001,540,356,184
061110025002,690,413,277
061110025003,550,307,243
061110025004,816,482,334
061110026001,322,223,99
061110026002,605,397,208
061110026003,249,163,86
061110027001,526,356,170
061110027002,1146,729,417
061110028001,559,344,215
061110028002,522,342,180
061110028003,514,332,182
061110028004,660,426,234
061110028005,251,162,89
061110029011,641,401,240
061110029012,699,436,263
061110029013,862,501,361
061110029051,1041,619,422
061110029052,671,436,235
061110030101,619,408,211
061110030111,526,346,180
061110030112,321,231,90
061110030131,662,442,220
061110030132,486,316,170
061110031011,157,118,39
061110031012,245,152,93
061110031013,372,233,139
061110031021,589,426,163
061110031022,527,316,211
061110032011,102,81,21
061110032012,136,111,25
061110033011,385,254,131
061110033012,197,133,64
061110033021,263,190,73
061110033022,526,341,185
061110033023,148,103,45
061110036081,389,260,129
061110036082,489,329,160
061110036131,423,258,165
061110036132,668,407,261
061110036141,585,391,194
061110036142,568,369,199
061110036143,339,221,118
061110036151,697,392,305
061110036152,672,378,294
061110036161,751,374,377
061110036162,810,398,412
061110036163,482,239,243
061110036171,437,216,221
061110036172,393,219,174
061110036182,404,213,191
061110036183,558,295,263
061110037001,168,137,31
061110037002,157,122,35
061110037003,214,167,47
061110037004,242,197,45
061110038011,145,115,30
061110038012,147,118,29
061110038013,241,190,51
061110038021,203,158,45
061110038022,81,60,21
061110039011,323,253,70
061110039021,447,337,110
061110040001,213,160,53
061110040002,190,147,43
061110040003,230,162,68
061110040004,220,155,65
061110041011,304,221,83
061110041012,275,200,75
061110041013,243,174,69
061110042001,473,298,175
061110042002,311,195,116
061110042003,359,226,133
061110043041,463,296,167
061110043042,624,397,227
061110043043,605,374,231
061110043044,305,178,127
061110043051,52,22,30
061110044001,383,242,141
061110044002,406,255,151
061110044003,252,158,94
061110044004,310,198,112
061110044005,616,377,239
061110045031,142,95,47
061110045032,206,138,68
061110045033,202,137,65
061110045041,291,210,81
061110045042,176,106,70
061110045043,228,138,90
061110045051,269,182,87
061110045071,52,37,15
061110045072,68,47,21
061110045081,66,47,19
061110045082,148,101,47
061110046001,76,33,43
061110047041,183,124,59
061110047101,305,211,94
061110047102,184,126,58
061110047103,266,171,95
061110047111,223,141,82
061110047112,354,224,130
061110047151,381,269,112
061110047152,362,257,105
061110047161,271,194,77
061110047162,301,235,66
061110047171,226,168,58
061110047172,250,182,68
061110049011,500,329,171
061110049012,431,283,148
061110049013,260,182,78
061110049021,270,218,52
061110049022,260,213,47
061110050021,209,138,71
061110050041,2269,1548,721
061110050051,104,80,24
061110050052,354,232,122
061110050053,101,81,20
061110050061,222,154,68
061110050062,347,231,116
061110052021,328,129,199
061110052022,958,475,483
061110052031,1188,584,604
061110052032,983,427,556
061110052033,511,249,262
061110052041,1055,472,583
061110052042,779,374,405
061110052051,1529,648,881
061110052052,487,284,203
061110052053,1531,738,793
061110053041,692,371,321
061110053042,886,495,391
061110053043,628,344,284
061110053044,1106,639,467
061110053051,1315,461,854
061110053052,1432,662,770
061110053053,582,225,357
061110053061,1069,500,569
061110053062,1300,635,665
061110053071,693,317,376
061110053072,703,381,322
061110053073,1288,628,660
061110053081,1262,695,567
061110054011,742,353,389
061110054012,1005,438,567
061110054031,731,408,323
061110054041,891,423,468
061110054042,693,348,345
061110055021,487,257,230
061110055022,371,224,147
061110055023,418,252,166
061110055031,416,190,226
061110055032,785,345,440
061110055041,919,432,487
061110055042,897,467,430
061110056011,1051,548,503
061110056012,587,234,353
061110056013,805,443,362
061110056021,1030,529,501
061110056022,344,179,165
061110056023,608,306,302
061110057001,589,417,172
061110058011,326,165,161
061110058012,1078,520,558
061110058013,1210,610,600
061110058031,1196,603,593
061110058032,606,301,305
061110058041,449,234,215
061110058042,768,385,383
061110058043,531,280,251
061110058044,704,365,339
061110059011,503,241,262
061110059012,1143,548,595
061110059013,812,384,428
061110059014,382,187,195
061110059015,582,280,302
061110059061,1122,640,482
061110059062,728,395,333
061110059063,658,296,362
061110059064,364,200,164
061110059071,609,332,277
061110059072,527,285,242
061110059073,768,421,347
061110059081,648,313,335
061110059082,619,324,295
061110059091,879,491,388
061110059092,661,367,294
061110059101,993,490,503
061110059111,654,346,308
061110059112,397,223,174
061110059113,802,424,378
061110060001,622,293,329
061110060002,751,353,398
061110060003,671,317,354
061110061011,913,516,397
061110061012,757,430,327
061110061021,360,218,142
061110061022,244,154,90
061110062001,1148,624,524
061110062002,623,282,341
061110063011,1246,712,534
061110063012,1372,761,611
061110063013,687,383,304
061110063021,491,281,210
061110063022,711,353,358
061110064001,1116,551,565
061110064002,926,479,447
061110064003,421,214,207
061110064004,507,268,239
061110064005,569,304,265
061110065001,450,217,233
061110065002,665,320,345
061110066001,838,394,444
061110066002,1149,562,587
061110067001,369,183,186
061110067002,1145,606,539
061110068001,491,226,265
061110068002,566,268,298
061110068003,402,215,187
061110069001,497,311,186
061110069002,896,513,383
061110070001,454,282,172
061110070002,567,362,205
061110071001,463,290,173
061110071002,455,285,170
061110071003,250,145,105
061110071004,449,247,202
061110072011,857,414,443
061110072012,984,428,556
061110072021,1361,712,649
061110072022,986,491,495
061110073001,941,393,548
061110074021,1283,586,697
061110074022,1094,564,530
061110074023,846,431,415
061110074031,543,337,206
061110074032,857,534,323
061110074033,1086,671,415
061110074051,794,487,307
061110074052,499,310,189
061110074053,354,222,132
061110074054,1015,632,383
061110074061,1029,641,388
061110075051,600,264,336
061110075052,820,345,475
061110075061,547,248,299
061110075062,1149,383,766
061110075063,494,225,269
061110075064,1300,551,749
061110075071,1088,497,591
061110075072,469,176,293
061110075073,420,191,229
061110075074,1411,644,767
061110075081,653,355,298
061110075082,1044,607,437
061110075091,742,415,327
061110075092,1007,594,413
061110075101,1034,537,497
061110075102,965,569,396
061110075103,1128,618,510
061110075111,877,439,438
061110075112,273,146,127
061110075121,977,391,586
061110075122,374,198,176
061110075123,512,268,244
061110075124,549,238,311
061110075131,871,304,567
061110075151,789,310,479
061110075152,596,268,328
061110075161,622,312,310
061110075162,787,371,416
061110076071,473,221,252
061110076072,1307,656,651
061110076073,1175,580,595
061110076091,1164,587,577
061110076101,1113,501,612
061110076102,1338,599,739
061110076111,371,229,142
061110076112,276,175,101
061110076113,138,76,62
061110076121,651,403,248
061110076122,780,351,429
061110076131,1073,543,530
061110076132,878,398,480
061110076141,555,283,272
061110076142,982,502,480
061110076143,551,281,270
061110076144,615,341,274
061110077001,820,396,424
061110077002,440,213,227
061110077003,737,358,379
061110078001,373,183,190
061110078002,218,107,111
061110078003,265,130,135
061110079011,608,314,294
061110079012,287,146,141
061110079013,484,242,242
061110079031,938,375,563
061110079032,1168,524,644
061110079041,631,292,339
061110079042,400,183,217
061110079043,275,125,150
061110079044,721,329,392
061110080011,546,252,294
061110080012,546,246,300
061110080021,555,237,318
061110080022,820,357,463
061110080023,236,109,127
061110080041,590,279,311
061110080042,387,167,220
061110080043,258,110,148
061110080044,338,151,187
061110080051,545,245,300
061110080052,332,152,180
061110081011,702,361,341
061110081012,515,236,279
061110082011,592,273,319
061110082012,856,413,443
061110082021,452,206,246
061110082022,506,259,247
061110082023,686,351,335
061110083021,838,395,443
061110083022,497,240,257
061110083023,859,408,451
061110083031,330,153,177
061110083032,388,186,202
061110083033,586,286,300
061110083041,578,269,309
061110083042,841,374,467
061110083043,667,293,374
061110083071,273,148,125
061110083072,659,334,325
061110083081,1294,569,725
061110083082,815,349,466
061110084011,827,392,435
061110084012,561,236,325
061110084013,726,319,407
061110084021,914,367,547
061110084022,695,280,415
061110084023,428,174,254
061110084024,356,148,208
061110085011,1129,487,642
061110085012,1293,552,741
061110085021,612,266,346
061110085022,661,339,322
061110086011,147,111,36
061110086012,128,91,37
061110086013,243,173,70
061110086021,142,98,44
061110086022,149,112,37
061110086023,120,86,34
061110087001,368,255,113
061110087002,680,489,191
061110088001,413,288,125
061110088002,327,216,111
061110088003,389,260,129
061110089001,227,153,74
061110089002,329,249,80
061110091001,150,120,30
061110091002,124,93,31
061110091003,91,76,15
061110091004,96,77,19
061110092001,583,382,201
061110092002,711,486,225
061110093001,967,409,558
061110093002,1220,495,725
061110094001,406,220,186
061110094002,313,170,143
061110095001,313,181,132
061110095002,471,257,214
061110095003,202,105,97
061110095004,403,191,212
061110096001,391,209,182
061110096002,1833,1044,789
061110097001,184,118,66
061110097002,202,134,68
061110097003,258,117,141
061130101021,332,186,146
061130101031,325,194,131
061130101032,313,193,120
061130101033,572,343,229
061130101041,341,224,117
061130101042,167,102,65
061130101043,369,234,135
061130101044,293,176,117
061130101051,349,222,127
061130102011,676,420,256
061130102012,440,266,174
061130102031,216,137,79
061130102032,236,126,110
061130102033,230,145,85
061130102034,167,101,66
061130102041,281,178,103
061130102042,193,122,71
061130102043,514,315,199
061130102044,254,161,93
061130103101,385,233,152
061130103102,660,400,260
061130103103,414,252,162
061130103104,595,362,233
061130103121,1034,629,405
061130103122,585,352,233
061130103123,293,176,117
061130103131,771,465,306
061130103132,1184,665,519
061130103141,985,550,435
061130103151,473,279,194
061130104011,481,187,294
061130104012,659,388,271
061130104013,442,350,92
061130104014,476,368,108
061130104021,670,405,265
061130104022,1006,625,381
061130105011,269,193,76
061130105012,406,303,103
061130105051,229,165,64
061130105052,687,529,158
061130105053,977,789,188
061130105054,597,481,116
061130105081,541,451,90
061130105082,567,466,101
061130105091,541,451,90
061130105092,932,777,155
061130105101,437,361,76
061130105102,751,626,125
061130105103,325,271,54
061130105104,545,455,90
061130105111,480,399,81
061130105112,865,719,146
061130105121,585,487,98
061130105122,660,549,111
061130105131,440,366,74
061130105132,604,502,102
061130106021,330,284,46
061130106022,410,356,54
061130106023,322,277,45
061130106024,175,149,26
061130106025,357,306,51
061130106051,1041,836,205
061130106052,516,416,100
061130106071,432,341,91
061130106072,413,327,86
061130106073,445,314,131
061130106074,601,475,126
061130106081,582,461,121
061130106082,473,374,99
061130106083,279,222,57
061130106084,174,135,39
061130106091,475,383,92
061130106092,800,652,148
061130106101,490,395,95
061130106102,956,771,185
061130106111,652,561,91
061130107011,441,398,43
061130107012,610,551,59
061130107013,262,238,24
061130107014,292,265,27
061130107031,310,272,38
061130107032,575,504,71
061130107033,275,233,42
061130107034,256,225,31
061130107041,929,820,109
061130108001,406,226,180
061130108002,273,170,103
061130108003,187,113,74
061130109011,612,341,271
061130109012,246,138,108
061130109013,414,232,182
061130109021,488,247,241
061130109022,517,315,202
061130109023,345,216,129
061130110011,725,343,382
061130110012,498,233,265
061130110013,596,320,276
061130110021,438,199,239
061130110022,449,204,245
061130110023,457,243,214
061130111011,434,232,202
061130111012,508,269,239
061130111021,334,198,136
061130111022,317,186,131
061130111023,304,180,124
061130111031,429,254,175
061130111032,389,228,161
061130112031,696,319,377
061130112032,494,225,269
061130112041,693,350,343
061130112042,626,323,303
061130112043,879,505,374
061130112071,355,115,240
061130112072,802,291,511
061130112081,1244,815,429
061130112082,1415,927,488
061130112083,296,136,160
061130112091,538,319,219
061130112092,346,206,140
061130112101,321,189,132
061130112102,401,238,163
061130112111,456,270,186
061130113011,382,234,148
061130113012,202,143,59
061130113021,360,186,174
061130113023,998,512,486
061130113031,530,294,236
061130113041,398,204,194
061130114001,381,141,240
061130114002,391,137,254
061130114003,341,119,222
061130115001,175,73,102
061130115002,189,80,109
061130115003,688,282,406
061130115004,278,115,163
061130115005,201,81,120
061150401001,191,64,127
061150401002,173,59,114
061150401003,170,73,97
061150401004,138,59,79
061150401005,153,66,87
061150402011,464,146,318
061150402012,245,81,164
061150402013,271,108,163
061150402021,166,55,111
061150402022,376,123,253
061150402023,239,78,161
061150402024,122,39,83
061150403011,217,82,135
061150403012,222,82,140
061150403021,258,101,157
061150403041,546,214,332
061150403042,193,71,122
061150403043,424,167,257
061150403051,707,288,419
061150404001,214,86,128
061150404002,207,79,128
061150404003,277,102,175
061150405001,176,67,109
061150405002,219,85,134
061150405003,146,55,91
061150406001,296,117,179
061150406002,183,71,112
061150406003,347,121,226
061150406004,189,67,122
061150406005,198,70,128
061150407011,564,228,336
061150407012,613,198,415
061150407013,645,237,408
061150407014,1138,461,677
061150407021,508,185,323
061150407022,560,200,360
061150407023,198,66,132
061150408001,771,172,599
061150408002,211,49,162
061150408003,484,111,373
061150409011,527,131,396
061150409012,352,104,248
061150409021,0,0,0
061150409022,7,4,3
061150409023,27,15,12
061150409024,5,3,2
061150410011,375,78,297
061150410012,469,72,397
061150410013,749,118,631
061150410021,424,164,260
061150410022,783,152,631
061150410023,688,156,532
061150411011,375,173,202
061150411012,340,95,245
061150411013,454,176,278
061150411021,637,310,327
